574,1113,1095,3487,2099,1413,0
593,1129,1123,3541,2111,1435,0
570,1076,1046,3508,2034,1353,0
605,1149,1155,3389,2184,1512,0
624,1174,1173,3467,2189,1518,0
704,1264,1312,3474,2273,1628,0
619,1166,1161,3433,2196,1516,0
663,1223,1249,3452,2281,1612,0
677,1175,1200,3400,2187,1541,0
699,1264,1324,3408,2316,1690,0
744,1326,1409,3435,2442,1809,0
748,1359,1298,4261,2428,1510,0
662,1265,1088,4674,2319,1281,0
659,1271,1086,4781,2331,1279,0
657,1269,1100,4599,2312,1304,0
645,1250,1094,4454,2175,1187,0
645,1261,1103,4555,2271,1254,0
663,1282,1131,4596,2297,1284,0
674,1297,1123,4736,2351,1314,0
583,1202,1039,4305,2038,1104,0
644,1254,1099,4424,2146,1168,0
678,1279,1123,4481,2264,1249,0
700,1304,1186,4378,2293,1298,0
643,1250,1145,4251,2118,1180,0
734,1341,1307,3994,2179,1311,0
613,1198,1072,4134,1968,1049,0
786,1408,1431,3660,2196,1421,0
632,1229,1112,4055,1931,1053,0
679,1286,1182,4106,2107,1204,0
622,1210,1089,4122,1895,1011,0
781,1403,1355,4158,2315,1409,0
675,1276,1188,3990,2128,1247,0
930,1589,1643,4013,2601,1737,0
885,1513,1531,3844,2609,1757,0
897,1529,1561,3802,2612,1754,0
883,1531,1583,3971,2615,1763,0
862,1502,1512,4239,2527,1626,0
729,1346,1286,4210,2321,1379,0
748,1398,1374,3922,2333,1498,0
942,1575,1634,3806,2671,1828,0
892,1528,1569,4086,2626,1723,0
880,1510,1483,4306,2508,1557,0
750,1386,1344,4114,2365,1455,0
809,1410,1360,4093,2415,1480,0
875,1501,1493,3931,2629,1758,0
815,1421,1413,4105,2577,1662,0
917,1517,1542,4002,2643,1751,0
885,1521,1559,4060,2570,1713,0
833,1477,1459,4271,2458,1561,0
713,1321,1274,4099,2331,1404,0
843,1465,1484,4150,2576,1672,0
828,1476,1494,4087,2493,1634,0
778,1398,1356,4202,2365,1454,0
760,1380,1316,4304,2498,1554,0
876,1497,1500,4153,2498,1597,0
760,1361,1332,3929,2224,1384,0
876,1516,1524,4030,2600,1718,0
790,1412,1378,4334,2439,1507,0
652,1233,1096,4976,2399,1341,0
645,1220,1087,4895,2363,1320,0
732,1322,1241,4533,2426,1432,0
681,1256,1134,4882,2428,1375,0
653,1216,1055,4922,2435,1353,0
633,1192,1017,4956,2397,1317,0
687,1268,1113,4730,2430,1395,0
656,1271,1132,4676,2444,1396,0
615,1204,1055,4739,2382,1340,0
826,1508,1449,4006,2624,1767,0
770,1414,1305,4236,2498,1570,0
845,1478,1410,4171,2506,1593,0
804,1448,1359,4125,2512,1613,0
771,1446,1352,4056,2517,1638,0
790,1463,1386,3969,2578,1715,0
666,1302,1114,4912,2428,1353,0
660,1297,1098,4958,2435,1347,0
689,1318,1129,4807,2427,1375,0
687,1332,1128,4887,2437,1346,0
685,1331,1139,4851,2436,1355,0
723,1392,1233,4754,2512,1450,0
723,1367,1208,4748,2505,1440,0
723,1371,1204,4780,2511,1457,0
750,1406,1266,4666,2518,1485,0
753,1409,1273,4610,2521,1486,0
777,1438,1301,4476,2518,1549,0
750,1398,1267,4529,2509,1512,0
780,1447,1272,4527,2485,1495,0
770,1453,1291,4477,2483,1494,0
811,1500,1378,4330,2515,1577,0
857,1547,1421,4283,2571,1644,0
839,1533,1416,4255,2588,1652,0
859,1546,1452,4255,2565,1672,0
851,1540,1425,4322,2583,1641,0
789,1366,1384,3733,2431,1629,0
782,1376,1383,3959,2458,1626,0
804,1436,1432,4058,2552,1695,0
760,1380,1315,4501,2422,1482,0
782,1387,1323,4485,2430,1489,0
806,1437,1393,4424,2496,1590,0
813,1470,1441,4142,2543,1673,0
779,1392,1341,4367,2416,1492,0
726,1360,1270,4586,2412,1443,0
774,1446,1388,4495,2488,1569,0
792,1438,1386,4537,2479,1556,0
825,1446,1408,4209,2425,1559,0
722,1348,1265,4646,2421,1457,0
811,1441,1386,4468,2461,1538,0
895,1502,1550,3996,2706,1856,0
838,1453,1423,4114,2486,1626,0
938,1551,1620,3797,2649,1864,0
897,1515,1532,4045,2597,1764,0
819,1462,1454,4028,2452,1647,0
847,1475,1483,3945,2495,1700,0
902,1549,1607,3813,2594,1803,0
931,1569,1615,3780,2685,1883,0
922,1552,1568,3748,2527,1770,0
893,1273,1570,1759,2320,2292,1
899,1265,1563,1744,2300,2272,1
882,1247,1536,1714,2273,2231,1
881,1241,1516,1697,2261,2222,1
879,1243,1526,1706,2264,2232,1
892,1257,1544,1735,2290,2265,1
883,1255,1543,1736,2290,2264,1
885,1254,1540,1718,2274,2230,1
917,1294,1589,1765,2303,2254,1
896,1275,1556,1735,2285,2239,1
888,1257,1543,1711,2267,2231,1
876,1240,1523,1694,2242,2212,1
876,1237,1527,1703,2251,2223,1
884,1249,1540,1712,2260,2229,1
882,1243,1523,1705,2263,2235,1
988,1426,1756,1971,2539,2427,1
962,1388,1713,1912,2454,2374,1
935,1343,1650,1834,2388,2322,1
904,1293,1593,1769,2318,2270,1
899,1273,1568,1737,2287,2241,1
892,1259,1549,1724,2273,2232,1
952,1381,1698,1910,2469,2392,1
886,1258,1543,1706,2249,2203,1
921,1306,1598,1788,2334,2282,1
973,1406,1739,1942,2518,2424,1
998,1430,1760,1976,2529,2430,1
984,1412,1735,1954,2506,2400,1
938,1335,1643,1833,2368,2310,1
910,1297,1592,1774,2313,2265,1
900,1274,1564,1738,2262,2223,1
889,1251,1527,1698,2220,2185,1
899,1279,1571,1739,2294,2236,1
945,1358,1678,1881,2423,2351,1
897,1281,1571,1766,2295,2259,1
856,1209,1484,1655,2189,2160,1
867,1228,1505,1676,2220,2184,1
879,1259,1544,1711,2264,2220,1
901,1293,1591,1780,2312,2265,1
920,1321,1615,1812,2350,2290,1
905,1295,1597,1768,2318,2254,1
874,1243,1523,1689,2217,2181,1
872,1242,1517,1697,2224,2188,1
865,1232,1507,1686,2216,2183,1
873,1244,1523,1700,2250,2209,1
901,1299,1588,1773,2328,2282,1
879,1253,1535,1709,2242,2202,1
876,1257,1526,1704,2236,2206,1
885,1259,1542,1721,2246,2204,1
882,1249,1531,1697,2235,2197,1
887,1279,1564,1740,2263,2217,1
886,1269,1556,1736,2274,2228,1
920,1325,1620,1799,2356,2293,1
915,1307,1602,1781,2305,2240,1
877,1262,1542,1717,2253,2210,1
876,1247,1530,1703,2231,2193,1
881,1254,1533,1706,2233,2198,1
872,1236,1505,1682,2212,2179,1
882,1257,1534,1706,2244,2207,1
896,1281,1578,1767,2295,2252,1
919,1323,1622,1814,2352,2285,1
2284,3103,3780,4193,4414,3934,1
2213,3007,3671,4056,4309,3835,1
2236,3039,3706,4101,4342,3887,1
2193,2965,3614,4000,4262,3806,1
2204,2977,3631,4037,4260,3805,1
2220,3013,3671,4075,4298,3829,1
2270,3070,3738,4139,4382,3890,1
2204,3004,3648,4008,4297,3846,1
2239,3040,3701,4105,4344,3892,1
2247,3058,3724,4122,4371,3905,1
2252,3057,3725,4134,4410,3934,1
2153,2909,3534,3870,4218,3772,1
2229,3009,3661,4060,4310,3846,1
2165,2931,3550,3953,4261,3790,1
2162,2948,3570,3937,4274,3809,1
2195,2975,3615,4003,4321,3846,1
2230,3036,3694,4090,4376,3902,1
2299,3115,3798,4211,4451,3970,1
2284,3089,3762,4150,4422,3942,1
2233,3011,3673,4090,4326,3867,1
2202,2970,3610,4014,4297,3852,1
2245,3047,3714,4111,4373,3898,1
2270,3075,3738,4141,4406,3928,1
2269,3076,3747,4154,4401,3915,1
2283,3090,3753,4143,4424,3963,1
2317,3116,3786,4201,4527,4057,1
2342,3153,3837,4240,4528,4056,1
2302,3123,3793,4186,4465,3981,1
2279,3084,3753,4143,4421,3930,1
2275,3079,3743,4143,4413,3940,1
2286,3079,3735,4134,4432,3951,1
2277,3076,3740,4146,4434,3949,1
2287,3085,3763,4180,4444,3944,1
2285,3058,3730,4149,4381,3896,1
2346,3136,3810,4228,4526,4068,1
2400,3193,3874,4284,4582,4117,1
2307,3085,3746,4153,4455,3989,1
2294,3116,3768,4167,4466,3995,1
2234,3013,3647,4038,4365,3917,1
2196,2937,3561,3929,4264,3851,1
2302,3085,3738,4117,4456,4001,1
2364,3161,3834,4234,4565,4108,1
2376,3183,3862,4267,4611,4153,1
2306,3080,3743,4156,4461,3997,1
2259,3056,3710,4101,4420,3955,1
2309,3107,3753,4144,4508,4041,1
2277,3050,3702,4092,4470,4002,1
2279,3068,3718,4130,4457,4000,1
2106,2832,3434,3807,4206,3790,1
2173,2910,3524,3885,4315,3846,1
2221,2994,3641,4026,4353,3929,1
2166,2880,3489,3853,4269,3832,1
2342,3126,3789,4198,4547,4087,1
2311,3086,3752,4159,4506,4039,1
2278,3069,3727,4130,4417,3952,1
2279,3086,3758,4168,4429,3935,1
2268,3070,3721,4112,4419,3957,1
2274,3067,3703,4098,4443,3993,1
2258,3031,3685,4090,4434,3967,1
2176,2941,3575,3971,4348,3922,1
2235,2987,3641,4044,4376,3937,1
2249,3010,3651,4071,4381,3928,1
2189,2928,3542,3925,4277,3834,1
2300,3070,3734,4141,4471,4016,1
2347,3131,3813,4225,4537,4075,1
2270,3079,3752,4158,4473,4002,1
2336,3143,3821,4217,4515,4032,1
2287,3088,3764,4166,4430,3945,1
2272,3083,3756,4171,4410,3937,1
2277,3066,3735,4144,4416,3948,1
2267,3055,3711,4115,4437,3970,1
2276,3074,3732,4132,4487,4031,1
2300,3085,3736,4143,4509,4050,1
2341,3130,3800,4199,4538,4082,1
2328,3115,3786,4184,4513,4060,1
2306,3105,3782,4167,4488,4025,1
2325,3131,3823,4235,4503,4026,1
2296,3113,3806,4215,4483,3999,1
2304,3124,3817,4226,4482,3995,1
2322,3131,3816,4236,4487,4011,1
2327,3133,3805,4205,4473,4006,1
2297,3109,3794,4187,4447,3960,1
2299,3126,3810,4214,4451,3967,1
2286,3096,3771,4165,4435,3951,1
2261,3049,3715,4101,4383,3921,1
2286,3086,3750,4164,4451,3996,1
2345,3130,3805,4223,4527,4069,1
2330,3120,3794,4199,4527,4073,1
2334,3121,3781,4191,4522,4078,1
2312,3106,3768,4179,4471,4026,1
2317,3135,3806,4207,4490,4017,1
2312,3132,3813,4218,4501,4004,1
2319,3150,3842,4258,4524,4022,1
2344,3173,3870,4297,4546,4053,1
2316,3131,3826,4243,4496,4022,1
2310,3127,3810,4214,4468,3988,1
2293,3105,3779,4179,4434,3971,1
2311,3133,3821,4227,4459,3979,1
2313,3127,3816,4229,4461,3977,1
2295,3107,3782,4196,4429,3962,1
2301,3101,3775,4178,4449,3980,1
2341,3151,3837,4244,4524,4051,1
2338,3134,3814,4219,4539,4072,1
2375,3179,3856,4267,4587,4134,1
2309,3092,3748,4155,4504,4049,1
2238,2995,3643,4060,4370,3939,1
2244,3003,3660,4079,4365,3931,1
2305,3124,3818,4241,4498,4027,1
2362,3196,3900,4317,4580,4089,1
2291,3089,3770,4192,4508,4032,1
2324,3160,3860,4277,4541,4052,1
2339,3156,3852,4262,4512,4039,1
2276,3076,3747,4141,4407,3945,1
2327,3152,3837,4243,4470,3986,1
2311,3130,3813,4223,4474,3979,1
2317,3133,3828,4248,4486,3999,1
2309,3127,3811,4216,4483,4007,1
2329,3142,3849,4266,4499,4020,1
2344,3159,3853,4276,4529,4062,1
2347,3139,3803,4215,4547,4083,1
2286,3061,3710,4111,4485,4041,1
2274,3051,3701,4091,4496,4045,1
2256,3043,3688,4081,4488,4023,1
2243,3040,3715,4124,4444,3986,1
2291,3111,3797,4213,4505,4031,1
2328,3162,3858,4283,4538,4055,1
2350,3198,3912,4340,4603,4100,1
2341,3162,3865,4272,4545,4054,1
2297,3113,3793,4200,4491,4012,1
2317,3144,3853,4256,4501,4023,1
2309,3128,3827,4232,4496,4020,1
2319,3153,3848,4259,4534,4046,1
2360,3169,3864,4294,4529,4072,1
2276,3061,3698,4107,4456,4011,1
2279,3055,3695,4111,4468,4025,1
2270,3062,3720,4126,4452,4022,1
2240,3037,3700,4109,4413,3969,1
2237,3033,3686,4078,4430,3980,1
2247,3036,3689,4090,4446,3977,1
2325,3130,3802,4206,4508,4017,1
2330,3133,3812,4222,4477,4015,1
2308,3115,3797,4205,4445,3969,1
2304,3092,3769,4182,4464,3987,1
2255,3029,3686,4100,4412,3958,1
2264,3053,3703,4105,4459,4003,1
2277,3051,3689,4097,4464,4022,1
2258,3040,3670,4072,4445,4021,1
2321,3108,3739,4148,4495,4060,1
2341,3126,3774,4181,4497,4040,1
2299,3087,3754,4164,4445,3970,1
2331,3120,3788,4199,4511,4046,1
2380,3166,3842,4243,4573,4109,1
2286,3065,3719,4112,4465,4001,1
2254,3040,3704,4126,4408,3953,1
1102,1600,1928,2112,2722,2590,1
1120,1622,1961,2145,2776,2637,1
1134,1650,1990,2178,2808,2656,1
1127,1633,1975,2158,2797,2654,1
1114,1609,1938,2123,2757,2611,1
1149,1656,2003,2194,2793,2645,1
1140,1649,1996,2178,2789,2644,1
1133,1647,1988,2166,2800,2655,1
1143,1655,1986,2177,2791,2640,1
1084,1560,1870,2049,2642,2529,1
1086,1569,1885,2060,2668,2552,1
1119,1616,1938,2123,2730,2600,1
1135,1648,1977,2157,2767,2622,1
1148,1655,1998,2176,2801,2645,1
1100,1592,1913,2088,2700,2585,1
1094,1585,1903,2074,2691,2572,1
1086,1573,1883,2059,2666,2552,1
1090,1582,1899,2074,2681,2561,1
1100,1598,1921,2098,2707,2585,1
1099,1592,1913,2089,2704,2586,1
1136,1643,1978,2156,2785,2651,1
1126,1626,1955,2133,2756,2628,1
1112,1605,1922,2101,2713,2598,1
1093,1579,1894,2066,2678,2569,1
1099,1593,1914,2085,2691,2580,1
1111,1618,1939,2110,2732,2615,1
1103,1596,1914,2087,2712,2597,1
1088,1574,1886,2060,2680,2572,1
1157,1660,1990,2176,2825,2695,1
1149,1658,1989,2163,2806,2666,1
1134,1635,1963,2146,2769,2648,1
1127,1627,1955,2129,2758,2616,1
1114,1602,1928,2094,2718,2600,1
1089,1584,1900,2071,2680,2576,1
1101,1596,1914,2089,2699,2588,1
1118,1621,1947,2121,2750,2640,1
1121,1627,1958,2137,2760,2630,1
1133,1638,1974,2152,2781,2656,1
1126,1624,1960,2144,2759,2641,1
1143,1653,1989,2174,2790,2662,1
1128,1628,1954,2132,2752,2624,1
1118,1610,1927,2098,2713,2590,1
1114,1611,1938,2112,2722,2599,1
1115,1612,1936,2115,2733,2622,1
1102,1596,1913,2089,2711,2603,1
1113,1593,1922,2093,2712,2600,1
1116,1610,1926,2099,2734,2618,1
1119,1611,1934,2105,2743,2615,1
1153,1688,2040,2217,2894,2757,1
1131,1637,1967,2139,2796,2662,1
1136,1640,1968,2153,2785,2662,1
1121,1616,1942,2118,2742,2628,1
1158,1663,1991,2177,2790,2659,1
1135,1639,1964,2145,2752,2624,1
1115,1609,1931,2105,2710,2589,1
1111,1601,1919,2096,2711,2593,1
1113,1604,1918,2099,2714,2600,1
1103,1600,1917,2094,2721,2600,1
1105,1587,1913,2086,2709,2592,1
1101,1593,1913,2080,2699,2607,1
1147,1658,1999,2186,2840,2702,1
1141,1642,1979,2167,2821,2700,1
1135,1631,1970,2145,2796,2672,1
1127,1626,1955,2121,2769,2647,1
1119,1611,1935,2105,2740,2627,1
1119,1608,1929,2098,2737,2624,1
1139,1650,1984,2152,2788,2660,1
1144,1657,1988,2158,2791,2656,1
1120,1616,1946,2115,2728,2610,1
1117,1606,1932,2098,2721,2601,1
1110,1605,1924,2097,2711,2594,1
1108,1606,1921,2097,2705,2589,1
1104,1588,1904,2084,2693,2580,1
1129,1628,1972,2149,2789,2655,1
1129,1626,1963,2141,2776,2646,1
1133,1633,1961,2134,2781,2645,1
1136,1644,1971,2140,2805,2674,1
1133,1637,1965,2137,2798,2660,1
1121,1610,1929,2102,2732,2616,1
1110,1592,1905,2073,2698,2593,1
1122,1615,1937,2112,2744,2627,1
1129,1630,1958,2132,2758,2640,1
1153,1656,1987,2162,2786,2659,1
1142,1657,1980,2149,2788,2651,1
1126,1629,1953,2129,2753,2633,1
1116,1620,1937,2117,2729,2612,1
1116,1613,1930,2099,2710,2592,1
1109,1607,1932,2111,2751,2632,1
1121,1613,1941,2119,2767,2642,1
1125,1634,1976,2160,2784,2648,1
1149,1665,2009,2194,2832,2681,1
1152,1668,2012,2187,2841,2696,1
1132,1642,1971,2141,2798,2669,1
1116,1613,1931,2100,2739,2615,1
1111,1600,1931,2108,2729,2622,1
1119,1612,1939,2107,2746,2633,1
1125,1631,1965,2128,2779,2665,1
1122,1622,1957,2129,2757,2638,1
1135,1629,1947,2120,2744,2611,1
1124,1622,1950,2128,2742,2628,1
1121,1607,1934,2122,2767,2642,1
1110,1602,1928,2103,2755,2633,1
1131,1657,1993,2145,2827,2662,1
1166,1703,2048,2211,2883,2709,1
1183,1718,2066,2229,2918,2762,1
1136,1648,1989,2158,2825,2694,1
1113,1612,1957,2125,2767,2635,1
1091,1579,1901,2064,2685,2570,1
1098,1590,1904,2072,2699,2594,1
1116,1599,1933,2105,2722,2613,1
1120,1617,1947,2117,2761,2639,1
1125,1624,1966,2141,2754,2638,1
1123,1625,1957,2132,2779,2668,1
1115,1614,1949,2120,2774,2661,1
1150,1657,1999,2184,2831,2686,1
1163,1681,2019,2187,2850,2692,1
1174,1692,2049,2221,2892,2742,1
1154,1681,2015,2186,2862,2732,1
1125,1630,1965,2133,2798,2666,1
1104,1597,1921,2100,2721,2605,1
1095,1588,1908,2077,2690,2592,1
1113,1599,1930,2093,2721,2613,1
1111,1611,1939,2110,2737,2624,1
1113,1609,1937,2111,2769,2650,1
1111,1617,1942,2115,2778,2664,1
1120,1623,1944,2119,2786,2671,1
1124,1631,1960,2127,2805,2675,1
1149,1665,2002,2166,2836,2686,1
1181,1705,2050,2219,2895,2742,1
1171,1696,2037,2210,2885,2755,1
1141,1659,1988,2164,2838,2720,1
1118,1624,1954,2124,2783,2668,1
1107,1595,1919,2089,2718,2610,1
1105,1589,1912,2082,2708,2597,1
1126,1619,1950,2131,2773,2657,1
1119,1621,1948,2124,2779,2667,1
1120,1622,1946,2116,2780,2669,1
1123,1626,1950,2117,2793,2675,1
1144,1660,1996,2161,2838,2703,1
1166,1700,2041,2210,2880,2737,1
1166,1686,2026,2200,2879,2754,1
1149,1663,2001,2170,2847,2727,1
1133,1635,1969,2141,2805,2694,1
1110,1605,1937,2108,2751,2640,1
1115,1613,1937,2109,2748,2619,1
1142,1655,1989,2168,2814,2689,1
1119,1617,1951,2117,2772,2656,1
1115,1604,1930,2100,2754,2623,1
1130,1644,1976,2140,2820,2683,1
1146,1671,1999,2155,2837,2688,1
1169,1694,2043,2214,2899,2758,1
1151,1667,2008,2175,2853,2732,1
1131,1644,1978,2155,2824,2704,1
1097,1590,1913,2087,2701,2573,1
1171,1683,2040,2214,2855,2718,1
1113,1603,1931,2102,2757,2631,1
1118,1619,1952,2115,2750,2614,1
1139,1658,1995,2167,2818,2675,1
1136,1645,1983,2152,2805,2668,1
1167,1697,2049,2223,2885,2740,1
1155,1676,2022,2198,2883,2744,1
1139,1639,1972,2138,2774,2643,1
1154,1672,2016,2181,2835,2710,1
1124,1625,1957,2126,2774,2654,1
1135,1647,1976,2142,2798,2660,1
1155,1679,2017,2177,2833,2688,1
1160,1683,2018,2187,2858,2711,1
1166,1707,2055,2220,2909,2756,1
1138,1641,1974,2152,2801,2688,1
1127,1631,1953,2126,2784,2676,1
1139,1645,1981,2152,2808,2678,1
1177,1706,2052,2227,2885,2740,1
1172,1713,2061,2242,2899,2749,1
1127,1632,1965,2140,2783,2662,1
1120,1619,1949,2129,2759,2639,1
1130,1638,1972,2149,2791,2674,1
1136,1637,1965,2136,2798,2689,1
1141,1650,1981,2153,2827,2713,1
1184,1706,2045,2225,2917,2777,1
1183,1720,2065,2241,2945,2797,1
1128,1629,1963,2138,2770,2660,1
1136,1643,1981,2147,2799,2680,1
1154,1671,2010,2185,2854,2728,1
1161,1688,2029,2219,2870,2754,1
1118,1615,1942,2125,2748,2635,1
1104,1610,1936,2109,2719,2598,1
1121,1625,1954,2130,2744,2628,1
1136,1642,1975,2143,2774,2661,1
1137,1648,1984,2152,2793,2667,1
1143,1659,1998,2177,2804,2679,1
1093,1583,1899,2063,2669,2560,1
1099,1600,1915,2080,2679,2566,1
1112,1624,1950,2115,2709,2599,1
1120,1625,1950,2126,2720,2598,1
1092,1583,1908,2077,2662,2555,1
1115,1607,1937,2108,2704,2580,1
1086,1572,1896,2061,2653,2547,1
1117,1607,1929,2095,2717,2595,1
1091,1584,1907,2078,2672,2568,1
1096,1579,1895,2061,2666,2562,1
257,376,260,179,57,45,1
261,366,260,187,56,43,1
261,375,270,211,57,44,1
262,382,267,195,57,44,1
264,377,263,194,56,45,1
264,381,267,212,53,46,1
262,373,269,204,59,44,1
258,373,265,206,60,46,1
266,390,281,229,58,44,1
263,385,274,226,58,46,1
264,373,271,243,57,47,1
258,376,271,222,59,46,1
263,371,274,242,57,44,1
257,377,277,238,58,45,1
269,383,278,251,57,45,1
270,390,278,244,57,44,1
264,386,274,244,58,48,1
264,384,277,235,56,43,1
264,377,274,219,56,43,1
262,368,267,217,57,44,1
270,382,274,245,57,45,1
264,378,280,265,59,41,1
268,381,278,262,57,47,1
269,383,277,250,57,46,1
268,378,277,258,61,44,1
270,382,273,274,58,45,1
270,383,281,251,59,43,1
264,391,280,268,56,45,1
258,363,258,179,57,44,1
262,369,263,208,59,44,1
264,373,262,217,60,47,1
264,378,262,211,59,45,1
266,389,279,267,60,43,1
273,383,285,298,56,44,1
266,390,280,279,56,46,1
266,392,283,278,55,44,1
271,386,283,272,58,44,1
273,383,282,270,57,46,1
273,389,287,302,60,45,1
274,392,295,340,59,47,1
261,377,266,187,55,44,1
263,377,266,196,56,46,1
266,384,274,220,59,46,1
264,371,269,194,58,46,1
274,398,284,270,62,44,1
271,397,277,253,59,45,1
271,390,275,269,57,48,1
271,390,285,299,58,45,1
270,390,288,289,59,42,1
275,385,281,281,59,44,1
275,385,287,320,57,46,1
277,386,291,314,58,45,1
260,370,267,180,56,45,1
263,381,266,196,57,45,1
275,383,282,314,58,43,1
266,371,261,192,55,46,1
269,383,275,245,58,45,1
261,392,281,257,58,46,1
269,396,283,249,58,44,1
275,395,289,280,58,46,1
274,386,290,308,55,44,1
276,393,295,349,61,45,1
275,378,281,302,59,46,1
277,398,298,376,61,47,1
277,390,290,353,61,44,1
263,366,265,175,58,46,1
282,402,301,403,62,50,1
266,381,272,237,59,46,1
269,388,281,264,59,45,1
269,401,292,310,61,47,1
274,395,285,283,62,47,1
270,399,298,305,61,44,1
276,390,290,314,62,44,1
274,381,291,330,57,44,1
279,390,285,323,59,45,1
271,386,285,309,57,45,1
275,383,284,285,57,46,1
273,385,285,363,61,45,1
282,402,303,439,62,50,1
276,395,298,361,60,48,1
276,402,294,330,60,47,1
276,399,297,331,61,47,1
280,399,304,360,61,48,1
277,386,297,358,59,48,1
279,397,300,389,62,50,1
276,393,295,383,60,47,1
281,391,293,393,61,48,1
279,375,280,307,61,47,1
286,404,311,477,63,51,1
285,385,290,350,62,46,1
271,385,289,355,60,47,1
276,390,295,394,60,48,1
281,398,301,416,63,51,1
280,373,281,309,61,47,1
282,398,303,410,64,50,1
275,382,287,338,61,48,1
282,385,295,360,61,47,1
279,364,260,216,58,46,1
281,364,274,320,62,48,1
285,403,314,464,63,48,1
282,397,306,437,61,47,1
283,386,297,404,62,51,1
280,368,280,312,61,50,1
279,377,285,324,61,46,1
288,390,297,438,66,51,1
283,393,306,414,65,52,1
279,371,277,308,61,48,1
277,366,277,298,62,46,1
285,370,278,343,59,47,1
274,357,271,284,60,47,1
288,369,261,227,55,48,1
283,373,267,248,59,47,1
286,369,266,258,60,51,1
292,376,259,202,57,45,1
292,377,259,166,56,46,1
279,361,272,273,62,45,1
291,384,265,171,60,48,1
294,391,260,142,59,46,1
300,393,258,122,56,46,1
300,401,260,137,57,44,1
1281,1888,2264,2479,3183,3016,1
302,399,256,131,56,45,1
1304,1927,2308,2525,3228,3057,1
1286,1888,2260,2477,3180,3011,1
1298,1922,2299,2537,3265,3098,1
1306,1920,2307,2547,3264,3101,1
1301,1920,2297,2533,3249,3083,1
1294,1909,2288,2517,3248,3078,1
1300,1911,2302,2533,3253,3088,1
1308,1920,2299,2534,3256,3094,1
1303,1905,2282,2507,3232,3082,1
1288,1899,2281,2514,3227,3056,1
1294,1912,2295,2526,3257,3096,1
1306,1925,2297,2528,3262,3100,1
1280,1887,2270,2492,3202,3026,1
1297,1907,2288,2507,3221,3051,1
1285,1885,2263,2482,3195,3027,1
1302,1917,2293,2527,3249,3085,1
1297,1913,2294,2517,3242,3089,1
1294,1920,2299,2520,3249,3082,1
1288,1910,2288,2517,3243,3086,1
1295,1911,2291,2513,3231,3060,1
1280,1880,2259,2476,3185,3018,1
1268,1870,2238,2470,3174,3002,1
1265,1869,2246,2474,3171,3005,1
1270,1878,2253,2481,3186,3018,1
1298,1915,2299,2530,3245,3093,1
1295,1901,2283,2515,3233,3064,1
1282,1885,2263,2477,3189,3027,1
1269,1871,2237,2460,3160,3001,1
1258,1862,2235,2448,3147,2990,1
1258,1863,2240,2455,3156,2996,1
1267,1877,2249,2476,3183,3008,1
1271,1869,2254,2479,3190,3011,1
1283,1893,2264,2493,3214,3044,1
1253,1849,2222,2442,3129,2958,1
1295,1903,2283,2515,3235,3080,1
1283,1901,2274,2499,3222,3056,1
1283,1892,2263,2485,3195,3036,1
1274,1878,2243,2464,3156,2995,1
1263,1866,2238,2443,3151,2988,1
1253,1859,2230,2457,3160,2997,1
1257,1860,2233,2456,3168,2993,1
1247,1849,2224,2442,3155,2985,1
1244,1838,2204,2423,3129,2965,1
1293,1915,2289,2513,3242,3087,1
1288,1907,2282,2511,3231,3070,1
1280,1880,2261,2485,3199,3048,1
1271,1885,2254,2483,3199,3029,1
1267,1880,2246,2470,3186,3017,1
1255,1856,2221,2452,3166,3005,1
1240,1843,2207,2434,3143,2987,1
1238,1824,2189,2403,3112,2952,1
1233,1839,2202,2414,3120,2954,1
1245,1837,2204,2414,3110,2947,1
1257,1862,2229,2451,3151,2985,1
1255,1859,2228,2443,3142,2976,1
1288,1903,2283,2517,3242,3084,1
1276,1887,2260,2494,3220,3055,1
1250,1858,2228,2453,3170,3005,1
1237,1826,2191,2412,3099,2943,1
1234,1825,2189,2391,3090,2938,1
1248,1853,2216,2419,3130,2971,1
1249,1849,2211,2431,3125,2965,1
1260,1859,2222,2438,3132,2977,1
1264,1863,2233,2441,3149,2989,1
1260,1863,2230,2444,3159,2992,1
1294,1914,2294,2525,3264,3096,1
1240,1826,2185,2392,3077,2932,1
1244,1822,2176,2382,3060,2928,1
1290,1900,2284,2506,3223,3062,1
1270,1872,2247,2473,3182,3019,1
1260,1858,2233,2442,3152,2986,1
1255,1862,2226,2445,3137,2974,1
1260,1868,2225,2443,3142,2986,1
1266,1870,2237,2448,3164,3010,1
1256,1868,2235,2451,3167,3010,1
1250,1858,2224,2440,3143,2993,1
1242,1844,2208,2415,3109,2969,1
1234,1825,2186,2388,3073,2928,1
1237,1816,2172,2379,3060,2921,1
1243,1829,2183,2393,3079,2949,1
1287,1891,2269,2480,3162,2996,1
1328,1956,2362,2587,3256,3050,1
1276,1891,2261,2487,3195,3040,1
1390,2050,2471,2703,3388,3176,1
1274,1883,2253,2472,3182,3020,1
1270,1880,2253,2471,3176,3020,1
1265,1886,2250,2464,3181,3021,1
1255,1865,2233,2450,3146,3002,1
1253,1860,2219,2437,3126,2979,1
1244,1840,2200,2406,3101,2958,1
1242,1840,2196,2398,3080,2949,1
1249,1842,2197,2417,3103,2976,1
1281,1884,2249,2467,3183,3034,1
1292,1895,2269,2486,3181,3039,1
1278,1890,2266,2464,3164,2986,1
1309,1922,2314,2534,3219,3034,1
1369,2008,2425,2656,3329,3117,1
1260,1869,2237,2460,3167,3014,1
1252,1849,2207,2407,3101,2963,1
1370,2011,2423,2668,3334,3099,1
1275,1889,2250,2475,3194,3042,1
1266,1877,2246,2461,3179,3020,1
1255,1864,2223,2437,3142,3001,1
1257,1865,2220,2432,3117,2969,1
1235,1823,2172,2381,3068,2940,1
1246,1838,2191,2395,3086,2958,1
1256,1850,2211,2424,3114,2984,1
1280,1883,2240,2463,3169,3042,1
1304,1921,2288,2517,3231,3089,1
1311,1928,2308,2526,3222,3085,1
1298,1907,2290,2501,3179,2997,1
1335,1960,2361,2591,3261,3060,1
1363,2008,2420,2664,3359,3158,1
1419,2087,2527,2777,3447,3221,1
1392,2048,2482,2739,3411,3168,1
1379,2026,2442,2692,3403,3170,1
1221,1813,2158,2368,3062,2940,1
1239,1832,2184,2396,3084,2961,1
1258,1858,2226,2440,3133,3001,1
1286,1894,2267,2485,3177,3036,1
1310,1925,2299,2522,3218,3058,1
1308,1945,2326,2544,3248,3083,1
1298,1932,2317,2528,3212,3024,1
1298,1933,2315,2539,3211,3002,1
1323,1955,2348,2588,3259,3050,1
1402,2046,2480,2728,3418,3209,1
1380,2026,2445,2688,3372,3154,1
1373,2016,2428,2677,3370,3136,1
1395,2052,2475,2734,3440,3199,1
1402,2079,2523,2804,3483,3197,1
1266,1869,2239,2455,3141,2978,1
1272,1870,2231,2461,3166,3003,1
1349,1978,2383,2629,3307,3115,1
1416,2076,2512,2759,3418,3192,1
1411,2068,2514,2779,3427,3132,1
1403,2049,2487,2750,3412,3126,1
1348,1978,2378,2618,3324,3106,1
1297,1897,2289,2514,3227,3069,1
1324,1930,2321,2560,3280,3107,1
1384,2050,2498,2755,3448,3140,1
1426,2128,2582,2873,3587,3271,1
1290,1885,2261,2483,3197,3044,1
1555,2174,2633,2923,3545,3238,1
1572,2258,2733,2978,3701,3323,1
1588,2219,2709,3035,3621,3290,1
1554,2176,2647,2960,3612,3283,1
1641,2297,2800,3106,3759,3419,1
1661,2302,2798,3138,3770,3391,1
1771,2408,2975,3363,3827,3450,1
1600,2243,2733,3018,3684,3327,1
1631,2277,2778,3081,3699,3361,1
1607,2252,2741,3044,3691,3347,1
1453,2033,2454,2720,3348,3040,1
1437,1998,2413,2699,3323,2987,1
1537,2139,2590,2897,3538,3190,1
1615,2252,2736,3067,3701,3350,1
1609,2242,2736,3053,3660,3327,1
1554,2186,2663,2964,3627,3289,1
1548,2170,2631,2921,3536,3186,1
1689,2333,2839,3184,3787,3422,1
1621,2270,2764,3097,3740,3412,1
1579,2213,2695,2983,3632,3298,1
1533,2161,2632,2906,3542,3209,1
1414,1996,2410,2671,3313,2985,1
1450,2031,2470,2776,3400,3050,1
1430,2020,2448,2742,3411,3085,1
1690,2361,2876,3192,3760,3386,1
1686,2316,2820,3152,3747,3388,1
1566,2209,2679,3025,3680,3350,1
1554,2155,2626,2882,3523,3203,1
1538,2148,2607,2873,3509,3187,1
1438,2030,2476,2805,3459,3110,1
1468,2084,2540,2876,3529,3168,1
1523,2140,2611,2912,3523,3206,1
1518,2150,2605,2925,3562,3235,1
1672,2346,2858,3167,3783,3428,1
1579,2187,2669,2996,3608,3276,1
1579,2216,2693,2989,3611,3303,1
1519,2104,2571,2819,3476,3162,1
1629,2270,2770,3114,3757,3392,1
1509,2153,2625,2981,3646,3273,1
1410,2031,2474,2814,3512,3143,1
1525,2150,2622,2925,3603,3235,1
1622,2258,2752,3073,3707,3329,1
1632,2284,2791,3116,3747,3391,1
1564,2186,2671,2997,3651,3299,1
1520,2138,2602,2854,3549,3229,1
1511,2106,2563,2828,3476,3171,1
1634,2287,2774,3093,3757,3400,1
1698,2372,2898,3250,3864,3472,1
1600,2285,2796,3162,3861,3449,1
1493,2105,2576,2899,3595,3270,1
1584,2235,2734,3034,3683,3342,1
1664,2305,2810,3117,3736,3372,1
1649,2280,2773,3118,3761,3393,1
1665,2265,2773,3145,3737,3385,1
1598,2188,2661,2944,3597,3269,1
1530,2113,2564,2829,3480,3176,1
1508,2097,2551,2908,3540,3202,1
1532,2134,2603,2972,3630,3274,1
1696,2351,2897,3272,3818,3459,1
1660,2331,2871,3280,3879,3497,1
1567,2210,2701,3015,3702,3376,1
1623,2289,2794,3084,3746,3394,1
1695,2342,2856,3193,3829,3463,1
1673,2312,2811,3159,3832,3463,1
1782,2426,2951,3308,3861,3486,1
1650,2239,2710,3010,3662,3330,1
1672,2324,2867,3286,3930,3529,1
1505,2090,2568,2989,3641,3272,1
1455,2053,2493,2887,3571,3216,1
1475,2041,2490,2859,3542,3181,1
1599,2237,2720,3091,3771,3396,1
1611,2237,2734,3029,3674,3333,1
1651,2320,2841,3184,3856,3507,1
1612,2245,2727,3060,3718,3376,1
1711,2347,2855,3201,3864,3496,1
1804,2459,2996,3376,3991,3564,1
2007,2707,3312,3755,4159,3658,1
1690,2284,2754,3095,3748,3358,1
1746,2401,2926,3287,3912,3516,1
1897,2633,3213,3661,4162,3641,1
1840,2529,3096,3490,4053,3588,1
1673,2310,2818,3154,3756,3403,1
1638,2280,2777,3108,3743,3401,1
1678,2337,2862,3198,3842,3485,1
1596,2238,2714,3035,3738,3396,1
1547,2169,2626,2934,3630,3313,1
1654,2284,2812,3167,3779,3479,1
1629,2290,2799,3191,3911,3529,1
1573,2187,2679,3143,3774,3389,1
1459,2031,2481,2863,3557,3203,1
1743,2359,2891,3366,3827,3413,1
1764,2441,2988,3334,3955,3572,1
1709,2359,2881,3230,3884,3524,1
1763,2443,2976,3333,3934,3577,1
1733,2398,2933,3301,3943,3529,1
1578,2191,2673,3069,3720,3310,1
1639,2247,2743,3162,3771,3378,1
1634,2257,2747,3143,3782,3351,1
1733,2433,2979,3297,3952,3580,1
1689,2373,2899,3231,3974,3591,1
1691,2326,2847,3198,3910,3556,1
1690,2362,2881,3223,3941,3583,1
1673,2360,2866,3250,4003,3587,1
1592,2188,2677,3063,3748,3422,1
1665,2290,2826,3181,3802,3488,1
1494,2083,2539,2922,3568,3234,1
1652,2295,2794,3158,3824,3444,1
1726,2386,2908,3253,3893,3518,1
1723,2383,2904,3246,3924,3556,1
1737,2402,2931,3280,3940,3591,1
1738,2393,2927,3289,3939,3569,1
1800,2457,3018,3450,3979,3637,1
1496,2077,2536,2880,3528,3201,1
1644,2280,2795,3281,3886,3488,1
1647,2283,2796,3158,3795,3474,1
1674,2313,2825,3156,3817,3510,1
1719,2363,2880,3241,3918,3541,1
1792,2489,3029,3423,4070,3682,1
1691,2330,2829,3176,3886,3532,1
1562,2169,2659,3278,3731,3287,1
1641,2310,2832,3191,3803,3389,1
1571,2212,2682,3064,3762,3370,1
1686,2321,2851,3250,3854,3454,1
1729,2412,2947,3283,3941,3547,1
1689,2321,2835,3187,3830,3506,1
1637,2280,2769,3083,3824,3473,1
1724,2372,2908,3300,3891,3540,1
1710,2359,2884,3308,3911,3550,1
1757,2421,2951,3363,4001,3613,1
1793,2538,3088,3475,4143,3723,1
1728,2430,2968,3326,3971,3627,1
1632,2280,2795,3133,3876,3522,1
1710,2404,2947,3348,4036,3679,1
1626,2310,2830,3212,3884,3531,1
1633,2321,2817,3158,3818,3373,1
1682,2348,2854,3209,3918,3530,1
1543,2193,2657,3271,3645,3222,1
1589,2250,2753,3146,3832,3477,1
1888,2614,3249,3684,4181,3831,1
1645,2297,2817,3154,3852,3514,1
1745,2386,2933,3341,3923,3564,1
1786,2454,3019,3450,3975,3617,1
1634,2293,2787,3128,3854,3477,1
1637,2272,2765,3135,3809,3448,1
1627,2258,2754,3076,3774,3433,1
1732,2431,2962,3297,3997,3586,1
1820,2505,3100,3558,4055,3610,1
1612,2260,2764,3147,3794,3421,1
1574,2223,2709,3081,3797,3409,1
1718,2407,2938,3320,3947,3489,1
1753,2380,2947,3438,3892,3439,1
1626,2273,2785,3244,3793,3400,1
1617,2253,2750,3170,3782,3396,1
1650,2330,2826,3353,3738,3311,1
1578,2234,2733,3089,3795,3455,1
1788,2543,3134,3468,4106,3780,1
1639,2258,2775,3123,3784,3450,1
1566,2206,2685,3067,3761,3378,1
1610,2252,2746,3143,3790,3418,1
1620,2267,2775,3160,3811,3422,1
1577,2180,2674,3098,3751,3382,1
1610,2278,2782,3173,3864,3484,1
1685,2335,2866,3208,3872,3527,1
1691,2350,2872,3260,3882,3516,1
1637,2287,2774,3139,3869,3474,1
1568,2180,2660,3090,3782,3431,1
1625,2251,2743,3134,3780,3436,1
1722,2379,2918,3337,3908,3537,1
1679,2364,2879,3247,3949,3560,1
1647,2316,2825,3215,3907,3523,1
1655,2310,2823,3175,3858,3495,1
1616,2274,2767,3128,3863,3468,1
1662,2330,2846,3381,3844,3375,1
1564,2196,2679,3030,3727,3391,1
1601,2239,2732,3089,3763,3423,1
1658,2324,2842,3195,3851,3506,1
1688,2386,2915,3261,3965,3572,1
1668,2320,2850,3241,3857,3498,1
1646,2301,2811,3155,3806,3467,1
1542,2168,2644,3044,3724,3351,1
1510,2123,2595,2991,3669,3290,1
1513,2153,2625,2985,3676,3307,1
1563,2195,2673,3009,3721,3384,1
1573,2211,2702,3033,3716,3374,1
1535,2138,2605,2949,3649,3299,1
1505,2090,2543,2952,3633,3295,1
1606,2237,2727,3067,3772,3413,1
1611,2244,2734,3215,3774,3379,1
1428,1997,2443,2809,3494,3147,1
1512,2101,2573,2887,3572,3225,1
1657,2318,2823,3179,3849,3484,1
1646,2292,2803,3171,3813,3461,1
1635,2306,2824,3369,3817,3409,1
1583,2246,2744,3236,3813,3364,1
1574,2202,2681,3065,3747,3403,1
1637,2276,2772,3179,3785,3439,1
1615,2261,2754,3101,3794,3443,1
1646,2288,2799,3139,3777,3449,1
1578,2198,2685,3001,3689,3389,1
1604,2225,2724,3043,3693,3344,1
1590,2208,2706,3036,3699,3398,1
1601,2229,2727,3029,3734,3404,1
1532,2153,2621,2955,3665,3331,1
1450,2032,2476,2820,3553,3206,1
1537,2171,2646,2967,3615,3269,1
1623,2277,2783,3108,3788,3412,1
1425,1992,2430,2810,3526,3152,1
1384,1946,2358,2661,3372,3028,1
1526,2140,2619,2950,3626,3268,1
1602,2218,2729,3097,3729,3388,1
1575,2204,2702,2998,3716,3389,1
1579,2208,2693,2992,3702,3394,1
1631,2266,2777,3090,3739,3416,1
1587,2193,2700,3028,3632,3284,1
1568,2193,2703,3016,3622,3301,1
1575,2209,2700,2985,3657,3319,1
1566,2182,2674,2985,3626,3297,1
1467,2059,2512,2826,3519,3208,1
1667,2319,2833,3193,3834,3489,1
1622,2286,2791,3167,3833,3485,1
1580,2231,2722,3164,3817,3400,1
1618,2298,2815,3401,3912,3415,1
1635,2270,2777,3210,3858,3467,1
1620,2259,2758,3097,3825,3441,1
1669,2332,2853,3210,3813,3457,1
1585,2223,2700,2987,3694,3375,1
1511,2125,2587,2864,3591,3273,1
1581,2208,2713,2989,3664,3369,1
1503,2129,2578,2878,3635,3312,1
1558,2184,2659,2961,3674,3323,1
1569,2206,2697,2996,3692,3325,1
1527,2111,2587,2907,3599,3242,1
1556,2187,2655,2942,3674,3321,1
1601,2227,2721,3031,3703,3357,1
1634,2283,2797,3087,3776,3430,1
1621,2251,2800,3154,3757,3399,1
1596,2216,2714,3017,3681,3362,1
1584,2203,2703,3004,3722,3389,1
1514,2112,2571,2845,3541,3229,1
1510,2093,2547,2834,3549,3243,1
1618,2274,2769,3077,3753,3422,1
1655,2301,2819,3162,3750,3414,1
1569,2197,2687,3102,3813,3422,1
1614,2287,2790,3191,3858,3509,1
1586,2222,2730,3289,3743,3259,1
1554,2161,2649,3297,3724,3272,1
1664,2359,2874,3263,3969,3570,1
1675,2328,2857,3253,3844,3496,1
1608,2251,2755,3038,3744,3403,1
1542,2158,2637,2931,3659,3326,1
1527,2143,2606,2882,3573,3258,1
1480,2053,2502,2803,3502,3196,1
1502,2112,2588,2855,3595,3299,1
1617,2241,2726,3034,3712,3401,1
1617,2272,2796,3121,3778,3422,1
1666,2297,2823,3178,3784,3402,1
1659,2293,2836,3231,3767,3369,1
1568,2194,2687,3033,3667,3293,1
1515,2130,2587,2890,3600,3271,1
1572,2197,2680,2987,3677,3326,1
1587,2201,2679,2996,3643,3310,1
1550,2185,2698,3020,3678,3348,1
1573,2209,2712,3005,3697,3370,1
1579,2203,2701,2999,3663,3338,1
1603,2219,2720,3016,3669,3350,1
1657,2299,2821,3211,3797,3457,1
1663,2325,2844,3265,3879,3495,1
1515,2177,2630,3287,3710,3251,1
1592,2277,2768,3198,3772,3402,1
1660,2340,2873,3281,3876,3520,1
1537,2157,2634,3167,3839,3402,1
1609,2225,2729,3083,3687,3354,1
1601,2229,2717,2996,3676,3354,1
1593,2231,2736,3024,3732,3391,1
1607,2237,2748,3045,3700,3377,1
1578,2210,2704,3003,3676,3359,1
1578,2216,2715,3005,3716,3401,1
1583,2240,2735,3193,3762,3375,1
1582,2217,2708,3216,3758,3343,1
1543,2169,2649,3037,3708,3349,1
1597,2255,2761,3139,3810,3453,1
1576,2196,2691,3129,3822,3394,1
1616,2257,2760,3129,3773,3393,1
1647,2329,2877,3230,3891,3481,1
1580,2201,2705,3056,3767,3421,1
1542,2157,2636,2934,3637,3315,1
1491,2084,2536,2801,3523,3206,1
1483,2085,2572,2852,3553,3265,1
1573,2187,2688,3000,3689,3365,1
1569,2196,2677,2962,3677,3341,1
1598,2210,2701,3015,3662,3330,1
1621,2262,2753,3082,3760,3382,1
1569,2168,2638,2961,3631,3283,1
1544,2143,2598,2892,3571,3234,1
1621,2269,2764,3093,3710,3329,1
1667,2333,2846,3162,3828,3419,1
1539,2136,2613,2904,3578,3254,1
1571,2190,2688,2993,3690,3370,1
1581,2241,2764,3120,3800,3432,1
1678,2337,2894,3285,3879,3487,1
1620,2278,2784,3221,3838,3451,1
1552,2185,2663,3117,3769,3374,1
1521,2143,2616,2982,3632,3278,1
1516,2157,2619,2938,3632,3290,1
1624,2269,2771,3337,3793,3376,1
1590,2241,2737,3148,3804,3403,1
1576,2202,2699,3037,3714,3389,1
1578,2213,2706,3017,3704,3373,1
1598,2230,2734,3043,3708,3386,1
1606,2265,2784,3093,3800,3464,1
1621,2308,2897,3302,3949,3490,1
1609,2264,2789,3163,3879,3425,1
1605,2248,2739,3080,3758,3391,1
1611,2256,2739,3065,3779,3385,1
1587,2215,2691,2995,3709,3331,1
1597,2208,2677,2982,3668,3304,1
1643,2276,2773,3095,3705,3351,1
1616,2229,2714,3009,3689,3340,1
1580,2211,2723,3066,3755,3404,1
1628,2264,2769,3102,3776,3431,1
1671,2327,2840,3321,3968,3548,1
1554,2176,2646,3303,3880,3414,1
1516,2128,2582,2981,3610,3242,1
1575,2200,2687,3021,3680,3310,1
1694,2344,2883,3449,3830,3423,1
1633,2305,2809,3205,3916,3512,1
1679,2321,2855,3256,3853,3516,1
1559,2185,2678,2985,3714,3383,1
1588,2206,2710,3028,3696,3371,1
1601,2242,2768,3117,3796,3451,1
1601,2286,2892,3391,3919,3474,1
1644,2319,2898,3352,3900,3448,1
1680,2337,2887,3255,3850,3442,1
1637,2292,2813,3128,3774,3398,1
1613,2247,2747,3061,3718,3343,1
1679,2343,2867,3185,3791,3407,1
1653,2281,2786,3093,3710,3350,1
1637,2271,2757,3122,3820,3472,1
1688,2368,2880,3331,3972,3575,1
1634,2279,2791,3311,3910,3486,1
1647,2292,2806,3311,3756,3352,1
1592,2243,2721,3142,3874,3422,1
1735,2411,2942,3457,3946,3519,1
1669,2357,2870,3245,3931,3568,1
1652,2295,2825,3234,3859,3515,1
1532,2147,2624,2938,3660,3355,1
1594,2237,2734,3042,3726,3389,1
1581,2216,2705,3011,3720,3388,1
1509,2123,2598,2915,3622,3291,1
1464,2080,2530,2858,3563,3202,1
1660,2352,2871,3158,3849,3448,1
1627,2253,2754,3077,3732,3358,1
1676,2344,2887,3210,3825,3420,1
1636,2288,2782,3089,3740,3375,1
1686,2370,2904,3221,3819,3422,1
1604,2204,2695,3183,3728,3359,1
1634,2294,2791,3292,3927,3449,1
1649,2329,2845,3400,3854,3417,1
1647,2318,2837,3326,3871,3415,1
1650,2261,2775,3227,3798,3428,1
1652,2329,2837,3242,3959,3552,1
1581,2196,2681,3078,3751,3429,1
1616,2249,2752,3053,3730,3395,1
1589,2212,2709,3009,3684,3360,1
1464,2050,2497,2803,3515,3194,1
1433,2025,2459,2775,3440,3088,1
1596,2235,2712,3018,3692,3346,1
1694,2353,2884,3203,3803,3433,1
1711,2392,2942,3255,3875,3465,1
1691,2336,2872,3216,3802,3417,1
1668,2309,2839,3174,3773,3413,1
1556,2176,2662,2951,3629,3327,1
1609,2248,2739,3108,3846,3493,1
1591,2225,2719,3146,3801,3455,1
1591,2253,2750,3252,3859,3423,1
1621,2294,2797,3360,3880,3438,1
1686,2375,2912,3471,3938,3494,1
1594,2223,2705,3008,3692,3373,1
1623,2255,2749,3059,3748,3407,1
1583,2213,2698,2998,3708,3378,1
1491,2055,2510,2888,3534,3164,1
1511,2120,2586,2942,3527,3126,1
1613,2254,2750,3063,3735,3356,1
1658,2307,2816,3126,3822,3440,1
1665,2304,2831,3148,3782,3415,1
1658,2313,2842,3161,3814,3429,1
1590,2215,2694,3003,3691,3380,1
1430,2027,2442,3083,3699,3249,1
1502,2066,2527,3056,3726,3334,1
1542,2147,2618,2999,3721,3388,1
1598,2216,2709,3024,3712,3400,1
1617,2253,2757,3042,3732,3406,1
1533,2139,2604,2916,3597,3263,1
1619,2245,2761,3274,3865,3453,1
1435,2027,2455,2750,3454,3120,1
1606,2231,2723,3034,3705,3372,1
1585,2230,2723,3059,3676,3300,1
1733,2404,2978,3361,3930,3475,1
1691,2327,2856,3198,3845,3443,1
1710,2359,2900,3253,3880,3494,1
1692,2352,2905,3270,3828,3461,1
1532,2130,2598,2976,3672,3373,1
1512,2131,2626,3007,3730,3415,1
1591,2219,2702,3016,3742,3432,1
1653,2294,2804,3132,3832,3486,1
1643,2276,2787,3106,3756,3434,1
1482,2072,2538,2842,3559,3245,1
1470,2051,2507,2837,3560,3248,1
1667,2299,2838,3210,3819,3446,1
1797,2524,3124,3477,4030,3602,1
1808,2504,3114,3496,4031,3590,1
1852,2632,3281,3662,4200,3669,1
1860,2654,3317,3730,4219,3678,1
1603,2222,2734,3102,3783,3465,1
1644,2265,2753,3073,3789,3464,1
1702,2367,2885,3192,3901,3554,1
1647,2280,2787,3112,3787,3455,1
1491,2082,2533,2890,3602,3277,1
1559,2214,2713,3017,3741,3418,1
1578,2218,2701,2988,3714,3386,1
1677,2308,2810,3137,3834,3452,1
1825,2529,3144,3518,4054,3595,1
1851,2596,3262,3683,4182,3613,1
1868,2592,3242,3715,4150,3624,1
1672,2330,2847,3154,3862,3529,1
1674,2332,2862,3217,3912,3569,1
1678,2331,2893,3295,3903,3526,1
1601,2214,2727,3114,3761,3403,1
1594,2220,2714,3045,3731,3395,1
1607,2217,2708,3049,3718,3370,1
1707,2332,2866,3227,3830,3461,1
1811,2475,3061,3429,3985,3570,1
1767,2402,2977,3343,3882,3493,1
1691,2381,2922,3275,3951,3570,1
1627,2283,2785,3113,3844,3461,1
1587,2210,2720,3061,3699,3377,1
1579,2217,2720,3049,3757,3393,1
1628,2265,2768,3075,3784,3416,1
1722,2372,2923,3268,3865,3497,1
1743,2457,3029,3333,3948,3564,1
1668,2315,2848,3211,3897,3553,1
1718,2359,2914,3311,3945,3581,1
1688,2356,2928,3290,3941,3558,1
1650,2317,2893,3234,3897,3500,1
1639,2283,2843,3228,3828,3440,1
1627,2259,2779,3105,3776,3422,1
1590,2203,2717,3028,3718,3385,1
1660,2338,2899,3208,3843,3472,1
1668,2322,2899,3253,3870,3518,1
1508,2114,2607,2913,3619,3312,1
1697,2330,2894,3229,3832,3475,1
1584,2231,2776,3098,3789,3484,1
1620,2249,2798,3144,3765,3446,1
1232,1884,2355,2590,3489,3393,1
1261,1923,2413,2661,3613,3516,1
1260,1927,2427,2676,3588,3488,1
1224,1886,2372,2617,3540,3435,1
1245,1877,2382,2635,3488,3395,1
1160,1752,2193,2425,3271,3182,1
1204,1844,2319,2549,3400,3298,1
1206,1786,2231,2460,3321,3238,1
1242,1898,2388,2639,3569,3452,1
1212,1851,2319,2560,3450,3353,1
1190,1810,2281,2515,3380,3282,1
1207,1841,2324,2565,3427,3322,1
1151,1771,2231,2459,3338,3238,1
1188,1831,2318,2559,3456,3346,1
1201,1841,2327,2570,3466,3358,1
1133,1738,2177,2393,3231,3143,1
1106,1706,2149,2363,3166,3077,1
1115,1707,2144,2359,3171,3079,1
1099,1680,2114,2332,3147,3073,1
1136,1750,2208,2432,3296,3205,1
1204,1855,2336,2579,3478,3372,1
1097,1691,2125,2350,3128,3025,1
1118,1724,2171,2400,3191,3098,1
1121,1727,2167,2388,3192,3097,1
1115,1708,2143,2361,3194,3098,1
1109,1675,2108,2321,3144,3056,1
1165,1769,2229,2462,3319,3217,1
1130,1743,2184,2410,3219,3123,1
1137,1745,2194,2417,3233,3141,1
1132,1734,2179,2399,3245,3140,1
1124,1731,2171,2399,3190,3084,1
1141,1763,2210,2432,3267,3157,1
1166,1758,2200,2409,3230,3139,1
1208,1841,2306,2534,3449,3351,1
1477,2168,2740,3022,3962,3785,1
1878,2722,3371,3781,4390,4039,1
1236,1907,2356,2593,3458,3334,1
1198,1824,2295,2519,3373,3258,1
1181,1819,2302,2535,3352,3235,1
1143,1764,2228,2440,3239,3125,1
1145,1736,2175,2382,3189,3077,1
1176,1776,2229,2443,3345,3198,1
1191,1800,2258,2470,3371,3294,1
1260,1933,2439,2681,3614,3498,1
1494,2304,2901,3200,3939,3710,1
1750,2528,3167,3499,3969,3697,1
1158,1775,2252,2485,3296,3205,1
1183,1806,2275,2493,3350,3243,1
1159,1758,2211,2429,3240,3136,1
1126,1706,2132,2325,3144,3034,1
1156,1748,2187,2408,3259,3145,1
1179,1793,2262,2480,3354,3215,1
1111,1668,2082,2273,3077,2960,1
1144,1718,2130,2337,3193,3114,1
1201,1817,2274,2480,3413,3309,1
1163,1765,2206,2405,3308,3190,1
1159,1755,2190,2400,3278,3146,1
1161,1764,2204,2420,3319,3153,1
1152,1755,2199,2417,3308,3148,1
1158,1763,2212,2424,3314,3172,1
1145,1745,2179,2382,3246,3115,1
1125,1707,2132,2325,3163,3013,1
1230,1875,2381,2622,3534,3420,1
1217,1814,2290,2509,3371,3228,1
1199,1815,2261,2467,3337,3220,1
1169,1783,2248,2470,3334,3238,1
1139,1748,2210,2413,3248,3140,1
1128,1710,2149,2365,3115,3032,1
1148,1749,2188,2401,3231,3128,1
1197,1831,2315,2557,3441,3335,1
1183,1806,2277,2504,3392,3266,1
1140,1744,2176,2382,3261,3147,1
1178,1789,2240,2452,3362,3247,1
1172,1743,2184,2382,3266,3106,1
1131,1688,2092,2290,3162,2998,1
1150,1745,2173,2379,3249,3097,1
1143,1744,2177,2386,3263,3102,1
1144,1747,2190,2411,3304,3136,1
1129,1743,2189,2412,3282,3088,1
1141,1729,2181,2392,3254,3080,1
1139,1743,2171,2372,3230,3108,1
1159,1770,2232,2451,3276,3170,1
1142,1739,2173,2372,3217,3113,1
1173,1790,2247,2459,3358,3267,1
1179,1779,2254,2468,3318,3226,1
1121,1689,2126,2322,3104,3004,1
1104,1688,2121,2317,3093,2999,1
1172,1789,2245,2463,3340,3244,1
1229,1886,2382,2628,3583,3462,1
1206,1839,2309,2535,3483,3388,1
1189,1807,2268,2488,3398,3268,1
1167,1754,2176,2385,3301,3089,1
1161,1783,2202,2412,3296,3069,1
1125,1713,2148,2359,3200,3063,1
1159,1762,2205,2416,3280,3143,1
1273,1920,2421,2653,3603,3479,1
1251,1893,2366,2609,3450,3294,1
1116,1682,2100,2282,3087,2989,1
1126,1697,2144,2347,3135,3034,1
1172,1771,2206,2415,3299,3199,1
1287,1858,2287,2510,3171,2929,1
1287,1858,2285,2510,3180,2924,1
1274,1838,2268,2471,3146,2889,1
1273,1835,2263,2475,3145,2893,1
1288,1854,2285,2495,3171,2913,1
1275,1844,2274,2477,3155,2906,1
1270,1828,2249,2451,3120,2880,1
1258,1832,2259,2467,3146,2903,1
1272,1842,2257,2470,3143,2892,1
1264,1843,2261,2474,3150,2898,1
1256,1827,2251,2453,3135,2883,1
1262,1836,2255,2457,3136,2886,1
1263,1836,2248,2455,3127,2889,1
1264,1828,2248,2455,3121,2883,1
1280,1856,2288,2519,3175,2934,1
1267,1834,2257,2458,3133,2885,1
1268,1832,2247,2457,3121,2884,1
1277,1849,2272,2513,3171,2928,1
1284,1872,2309,2545,3215,2974,1
1291,1854,2282,2482,3149,2885,1
1288,1856,2283,2491,3135,2889,1
1283,1864,2290,2521,3183,2947,1
1297,1880,2312,2565,3229,2988,1
1296,1875,2315,2526,3209,2961,1
1290,1874,2304,2523,3169,2921,1
1291,1871,2303,2530,3187,2950,1
1291,1871,2303,2534,3198,2964,1
1297,1890,2328,2543,3209,2955,1
1282,1850,2284,2499,3152,2906,1
1289,1864,2299,2520,3177,2938,1
1306,1885,2324,2542,3206,2948,1
1284,1862,2289,2515,3177,2947,1
1278,1848,2271,2503,3164,2931,1
1284,1867,2298,2505,3167,2917,1
1298,1875,2313,2529,3196,2946,1
1291,1870,2298,2531,3186,2935,1
1287,1869,2301,2543,3201,2965,1
1280,1856,2287,2509,3184,2941,1
1290,1867,2297,2498,3179,2929,1
1283,1867,2302,2526,3186,2944,1
1286,1868,2301,2524,3193,2946,1
1281,1867,2303,2521,3194,2936,1
1286,1866,2300,2513,3184,2940,1
1272,1842,2267,2482,3149,2915,1
1270,1848,2276,2479,3163,2912,1
1278,1852,2278,2500,3167,2925,1
1269,1834,2263,2493,3156,2934,1
1271,1842,2273,2487,3162,2924,1
1272,1847,2272,2484,3171,2922,1
1284,1851,2288,2501,3185,2944,1
1278,1858,2295,2511,3187,2947,1
1271,1842,2270,2500,3181,2955,1
1282,1845,2271,2492,3165,2943,1
1286,1858,2298,2515,3176,2946,1
1269,1848,2285,2496,3157,2927,1
1278,1858,2289,2498,3170,2933,1
1264,1825,2248,2452,3111,2881,1
1287,1861,2291,2505,3180,2943,1
1288,1857,2289,2512,3159,2919,1
1275,1844,2269,2474,3126,2890,1
1266,1825,2243,2440,3112,2875,1
1277,1845,2262,2464,3125,2890,1
1267,1841,2260,2455,3131,2888,1
1282,1848,2282,2491,3155,2907,1
1277,1852,2270,2477,3142,2899,1
1277,1841,2275,2474,3155,2898,1
1270,1840,2273,2478,3151,2898,1
1275,1845,2283,2489,3161,2905,1
1191,1801,2260,2465,3226,3096,1
1187,1818,2273,2473,3253,3120,1
1206,1825,2278,2486,3259,3137,1
1189,1810,2285,2494,3280,3125,1
1535,2259,2776,3018,3708,3451,1
1300,1898,2374,2601,3389,3217,1
1222,1845,2309,2527,3323,3187,1
1212,1835,2312,2534,3320,3171,1
1917,2737,3375,3717,4194,3849,1
1212,1830,2309,2527,3290,3148,1
1524,2286,2872,3161,3714,3478,1
1214,1867,2358,2571,3339,3166,1
2027,2798,3446,3814,4270,3904,1
2177,2908,3621,4027,4377,3984,1
1206,1817,2286,2494,3252,3104,1
1225,1826,2304,2510,3245,3090,1
2185,3086,3815,4204,4620,4157,1
1739,2383,3003,3324,3856,3584,1
2036,2854,3538,3907,4369,3970,1
1413,1992,2520,2770,3414,3221,1
2179,3008,3735,4131,4496,4070,1
1841,2724,3374,3705,4104,3798,1
1236,1847,2332,2608,3275,3097,1
1194,1802,2277,2477,3207,3059,1
1191,1802,2265,2473,3219,3074,1
1983,2571,3233,3600,3945,3644,1
2037,2802,3490,3856,4277,3910,1
1630,2388,2939,3201,3887,3559,1
2160,2929,3661,4073,4426,4025,1
1864,2516,3120,3459,4094,3789,1
1973,2736,3432,3793,4179,3850,1
1259,1933,2410,2625,3401,3185,1
1738,2578,3175,3463,4005,3689,1
1753,2621,3207,3501,4086,3755,1
1856,2617,3200,3511,4146,3810,1
1966,2791,3436,3784,4408,4043,1
1203,1821,2296,2508,3278,3135,1
1194,1801,2267,2475,3221,3077,1
1197,1804,2280,2486,3214,3060,1
1803,2609,3245,3533,3920,3604,1
1698,2490,3099,3409,3950,3625,1
1254,1902,2409,2641,3366,3205,1
1207,1815,2297,2515,3245,3088,1
1201,1813,2281,2489,3245,3101,1
1215,1838,2306,2513,3299,3166,1
1590,2303,2880,3184,3790,3563,1
1946,2691,3378,3767,4248,3926,1
2043,2819,3513,3911,4407,4054,1
2112,2994,3724,4132,4573,4192,1
1521,2152,2756,3060,3556,3360,1
2096,3044,3732,4120,4657,4245,1
1966,2755,3407,3769,4244,3932,1
1915,2726,3319,3621,4230,3905,1
1836,2471,3071,3380,3936,3645,1
1239,1856,2315,2527,3336,3212,1
1212,1837,2317,2533,3312,3177,1
1207,1825,2303,2528,3277,3134,1
1206,1829,2316,2530,3263,3113,1
1279,1897,2392,2619,3316,3129,1
1259,1900,2405,2655,3318,3145,1
1233,1858,2334,2543,3330,3199,1
1205,1823,2293,2492,3256,3115,1
1200,1819,2279,2456,3234,3098,1
1704,2407,3024,3335,3840,3593,1
1577,2392,2985,3264,3783,3555,1
1517,2255,2783,3040,3763,3485,1
1270,1920,2407,2623,3456,3334,1
1205,1830,2295,2501,3259,3111,1
1350,1973,2487,2733,3566,3430,1
1207,1823,2280,2486,3246,3110,1
1228,1847,2319,2525,3308,3187,1
1372,2026,2537,2770,3506,3283,1
1577,2304,2862,3126,3666,3415,1
1499,2136,2671,2935,3552,3329,1
1218,1832,2325,2544,3284,3119,1
1196,1818,2287,2487,3249,3115,1
1525,2177,2720,2968,3550,3319,1
1295,1967,2469,2686,3374,3189,1
1218,1843,2321,2518,3307,3194,1
1199,1803,2305,2526,3261,3103,1
1200,1827,2306,2514,3264,3122,1
1318,2030,2549,2767,3454,3253,1
1180,1801,2273,2468,3204,3049,1
1192,1810,2277,2478,3222,3076,1
1192,1808,2276,2483,3239,3097,1
1212,1830,2271,2491,3304,3161,1
1188,1805,2297,2503,3201,3028,1
