1211,1737,2110,2997,3262,2689,1
1002,1441,1721,3030,3067,2372,1
934,1350,1613,2946,2927,2258,1
945,1366,1632,2993,2952,2242,1
939,1386,1651,3042,2984,2257,1
998,1431,1709,3054,3016,2334,1
764,1226,1294,3635,2687,1826,1
548,941,903,3944,1995,1158,1
674,1035,1029,3626,2247,1423,1
597,980,919,3939,2080,1190,1
922,1375,1555,3373,2950,2155,1
993,1459,1736,3061,3181,2393,1
917,1331,1539,3082,2928,2114,1
915,1325,1537,2987,2842,2122,1
751,1164,1218,3452,2514,1731,1
734,1141,1208,3533,2489,1703,1
827,1264,1394,3163,2710,1977,1
904,1321,1547,2916,2871,2142,1
754,1164,1263,3050,2634,1776,1
872,1296,1504,2866,2884,2118,1
789,1183,1300,3134,2687,1790,1
915,1362,1570,3320,2856,2107,1
857,1263,1444,3041,2834,1997,1
771,1168,1293,2998,2651,1821,1
879,1283,1501,2848,2918,2158,1
842,1240,1405,3421,2603,1832,1
788,1213,1347,3226,2603,1861,1
918,1332,1574,2901,2885,2173,1
787,1121,1250,2835,2281,1613,1
870,1275,1387,3018,2256,1649,1
783,1168,1373,2727,2468,1820,1
809,1170,1330,2898,2241,1599,1
697,1069,1201,2784,2363,1624,1
816,1256,1341,3104,2171,1565,1
646,1071,1206,2834,1896,1329,1
846,1278,1486,2882,2368,1734,1
737,1142,1302,3285,2392,1670,1
886,1365,1673,3052,2700,2101,1
718,1062,1158,3259,2191,1448,1
613,1042,1120,2975,2281,1534,1
639,1061,1205,2811,2463,1720,1
543,919,963,2766,2157,1399,1
571,956,961,3024,2053,1299,1
659,1082,1148,2967,2224,1510,1
540,943,955,3151,2011,1286,1
580,957,998,3069,2169,1374,1
585,972,983,2945,2005,1303,1
530,911,869,3254,1975,1164,1
515,889,830,3111,1885,1114,1
541,954,934,3344,2038,1237,1
509,875,797,3280,1905,1113,1
536,900,842,3228,1910,1116,1
743,1189,1251,3191,2200,1521,1
775,1210,1303,3345,2216,1511,1
760,1265,1355,3270,2234,1570,1
712,1178,1247,3315,2119,1469,1
822,1321,1460,3357,2330,1674,1
797,1255,1402,2891,2540,1886,1
615,1013,1060,2769,2017,1347,1
805,1415,1541,3064,2474,1814,1
634,1043,1092,2790,2012,1383,1
679,1262,1320,3035,2280,1625,1
1257,1896,2157,3421,3066,2456,2
1218,1868,2136,3441,3083,2479,2
709,1311,1167,4755,2480,1462,2
778,1402,1334,4468,2503,1548,2
755,1298,1267,4129,2335,1482,2
737,1353,1247,4494,2449,1473,2
813,1367,1377,4054,2396,1592,2
752,1274,1226,4175,2273,1402,2
704,1301,1230,3776,2015,1207,2
778,1395,1356,3775,2111,1335,2
722,1241,1245,3965,2485,1633,2
766,1347,1286,3959,2335,1475,2
829,1397,1558,3680,2618,1888,2
711,1326,1224,4255,2270,1294,2
924,1476,1461,4034,2569,1664,2
952,1493,1504,3980,2608,1727,2
844,1421,1424,3927,2422,1579,2
865,1489,1472,3916,2426,1584,2
873,1489,1438,4236,2451,1553,2
843,1459,1424,4091,2355,1505,2
959,1528,1622,3347,2424,1748,2
866,1447,1527,3338,2370,1691,2
984,1560,1668,3314,2436,1767,2
651,1163,1172,3806,2371,1563,2
779,1264,1401,3437,2591,1871,2
856,1351,1471,3562,2521,1856,2
690,1245,1158,4251,2394,1545,2
671,1186,1094,4297,2332,1445,2
654,1192,1097,4354,2315,1433,2
640,1172,1059,4367,2263,1368,2
940,1546,1587,3690,2479,1657,2
954,1573,1651,3559,2494,1729,2
986,1619,1719,3578,2547,1820,2
916,1572,1625,3721,2496,1706,2
864,1478,1471,3916,2526,1678,2
856,1466,1475,3843,2515,1699,2
724,1163,1204,3479,2288,1470,3
585,1029,937,2864,1570,919,3
744,1209,1215,3576,2228,1493,3
566,1018,916,2798,1556,924,3
659,1123,1201,3875,2750,1743,3
692,1052,1034,4105,2536,1463,3
682,1024,1059,3910,2758,1605,3
883,1365,1537,3635,3435,2325,3
480,902,813,4113,1903,1033,3
486,913,796,4122,1934,1058,3
447,860,740,4157,1888,1003,3
491,881,741,4240,1930,1019,3
985,1502,1725,3548,2874,2128,4
735,1182,1290,3586,2426,1598,4
801,1257,1389,3676,2589,1707,4
720,1130,1233,3627,2473,1566,4
621,1069,1064,3756,2378,1432,4
762,1248,1323,3718,2544,1625,4
616,1010,1029,3722,2344,1376,4
738,1196,1236,3759,2529,1576,4
0,0,0,0,0,0,5
0,0,0,0,0,0,5
0,0,0,0,0,0,5
0,0,0,0,0,0,5
0,0,0,0,0,0,5
0,0,0,0,0,0,5
0,0,0,0,0,0,5
311,423,310,320,60,51,6
316,428,315,346,59,48,6
305,408,291,270,61,48,6
298,391,273,226,60,47,6
302,399,289,270,62,47,6
299,402,291,271,59,46,6
305,406,294,273,60,48,6
311,418,310,310,61,47,6
310,430,321,344,61,48,6
314,434,325,363,62,50,6
302,405,292,305,63,48,6
300,399,289,278,62,47,6
299,391,273,223,61,50,6
299,389,271,216,58,48,6
295,392,279,251,60,47,6
304,415,304,327,63,47,6
300,413,309,320,61,46,6
310,415,306,321,62,47,6
316,430,319,329,62,47,6
318,442,334,373,62,48,6
322,448,337,400,63,50,6
332,465,355,468,67,50,6
295,391,271,222,59,50,6
298,393,274,232,59,47,6
294,393,275,217,59,51,6
300,395,274,207,60,51,6
302,404,289,259,59,47,6
299,403,284,262,57,48,6
301,399,285,257,60,50,6
300,398,279,251,59,47,6
300,397,282,260,60,44,6
308,424,305,317,61,47,6
310,428,323,360,64,50,6
317,440,322,348,61,50,6
322,437,331,372,64,51,6
329,477,364,479,66,53,6
325,473,358,481,66,53,6
333,479,362,490,67,50,6
292,389,262,202,57,46,6
294,397,277,234,59,47,6
292,397,277,270,58,47,6
293,393,272,256,59,50,6
291,384,263,238,56,47,6
302,406,290,303,62,46,6
302,403,285,284,59,47,6
304,413,297,313,58,48,6
301,399,289,284,58,48,6
298,408,285,260,59,47,6
308,416,302,300,60,47,6
318,435,321,331,62,47,6
316,439,326,351,62,52,6
323,435,323,339,62,47,6
329,468,360,461,64,51,6
337,484,376,515,67,54,6
339,489,375,497,68,53,6
343,484,364,455,65,50,6
292,401,281,288,62,47,6
295,401,280,258,57,47,6
300,421,301,334,64,48,6
298,403,291,327,58,50,6
298,395,283,303,62,48,6
298,389,278,270,59,47,6
305,409,300,350,63,50,6
304,404,295,315,61,47,6
307,419,305,335,63,48,6
305,410,295,311,62,46,6
306,419,302,312,59,48,6
313,432,313,323,60,52,6
320,445,332,357,61,52,6
320,439,323,328,61,52,6
325,451,340,397,64,50,6
331,474,367,464,64,51,6
337,483,370,474,63,51,6
342,497,382,473,67,54,6
355,503,375,416,65,52,6
291,396,277,263,62,48,6
300,412,299,340,61,50,6
302,424,313,370,64,50,6
300,404,295,316,59,51,6
300,406,292,323,60,47,6
301,406,295,326,62,50,6
302,408,298,328,60,46,6
301,409,297,318,61,46,6
305,416,302,321,64,47,6
312,418,305,335,65,50,6
316,421,311,337,62,47,6
319,432,320,342,59,47,6
320,441,333,369,61,48,6
327,447,333,339,63,48,6
332,460,347,377,62,51,6
337,477,367,466,67,52,6
343,490,376,506,68,52,6
349,498,376,445,66,52,6
368,520,387,397,66,52,6
295,402,288,285,61,48,6
293,398,285,298,59,47,6
300,408,300,364,63,47,6
310,423,327,456,68,52,6
305,412,305,359,66,50,6
306,419,305,363,64,47,6
306,424,306,360,61,48,6
311,424,309,358,62,51,6
307,427,306,349,61,48,6
310,419,310,326,62,50,6
311,432,319,354,65,50,6
317,438,324,342,61,51,6
323,447,331,379,62,48,6
325,448,332,393,63,52,6
331,458,340,375,65,50,6
337,474,355,376,65,51,6
338,484,365,418,65,53,6
350,498,373,390,68,51,6
358,504,382,390,65,53,6
401,547,412,366,62,47,6
294,404,294,330,62,48,6
298,404,295,328,62,47,6
302,413,305,368,61,47,6
310,424,317,410,69,52,6
307,426,320,396,67,48,6
312,442,329,402,64,51,6
307,425,315,380,63,46,6
314,435,324,414,65,51,6
313,439,325,420,64,48,6
311,432,323,358,63,50,6
326,451,334,413,67,52,6
323,447,331,365,65,52,6
331,466,354,435,67,52,6
331,462,344,403,64,51,6
338,472,349,332,65,52,6
347,480,365,382,65,51,6
350,493,364,387,63,50,6
365,525,395,399,64,53,6
390,554,421,396,62,50,6
483,721,578,327,69,57,6
312,427,326,418,63,51,6
305,418,304,401,62,51,6
304,425,313,392,65,51,6
308,416,310,361,61,47,6
304,425,313,387,66,52,6
313,435,323,410,63,50,6
318,442,334,417,64,50,6
311,438,330,407,63,47,6
314,439,325,388,61,52,6
317,440,323,357,65,48,6
326,450,332,366,64,50,6
327,458,345,423,65,51,6
333,468,347,401,68,52,6
342,468,345,350,64,52,6
345,487,366,405,67,48,6
351,491,367,374,65,51,6
364,513,395,428,68,48,6
370,540,407,367,67,48,6
439,633,491,338,67,50,6
572,786,632,329,74,58,6
749,1061,928,368,95,80,6
307,433,327,416,63,52,6
310,425,310,371,61,48,6
308,431,319,377,65,51,6
312,431,326,419,61,52,6
308,439,329,444,63,48,6
314,431,320,391,61,50,6
319,453,335,419,67,48,6
319,445,330,385,63,51,6
317,442,320,337,65,48,6
322,442,322,354,64,51,6
325,452,333,360,64,48,6
336,462,348,388,64,53,6
344,479,357,379,64,51,6
355,496,370,391,64,48,6
369,516,394,410,65,51,6
381,542,407,386,66,48,6
441,641,509,367,71,53,6
521,746,600,336,70,56,6
652,923,783,358,82,66,6
803,1192,1077,374,105,82,6
890,1312,1210,390,112,88,6
306,421,312,380,63,50,6
306,424,319,396,62,48,6
306,418,311,334,59,50,6
306,421,310,343,62,48,6
308,433,325,378,65,52,6
312,438,329,395,63,52,6
316,448,336,440,64,53,6
323,452,333,394,65,51,6
326,451,329,350,63,51,6
326,462,343,402,67,52,6
330,467,348,397,67,52,6
336,467,348,398,66,52,6
347,483,365,403,67,52,6
355,503,379,408,66,47,6
373,532,399,399,64,48,6
413,573,440,335,64,50,6
521,745,591,324,70,56,6
732,1011,866,325,83,69,6
787,1161,1029,361,94,80,6
865,1290,1177,389,103,83,6
911,1355,1272,399,107,87,6
919,1389,1299,409,109,88,6
306,416,306,353,63,50,6
310,423,313,365,63,50,6
307,427,312,332,62,51,6
305,419,303,328,61,48,6
313,433,324,410,64,51,6
323,454,348,498,66,51,6
327,468,357,517,67,53,6
327,454,343,402,63,50,6
329,457,320,281,60,50,6
337,476,351,392,66,52,6
341,486,370,420,67,54,6
350,494,373,394,67,52,6
360,508,382,364,65,52,6
371,535,404,376,64,48,6
415,598,455,329,63,52,6
524,757,599,322,67,56,6
714,1062,934,360,89,71,6
838,1267,1137,380,95,84,6
892,1332,1246,396,101,85,6
912,1375,1296,422,104,87,6
924,1398,1325,440,109,86,6
312,431,313,394,67,50,6
307,421,305,360,66,50,6
316,435,323,418,65,52,6
311,441,329,424,62,52,6
311,454,343,437,64,47,6
318,445,326,428,63,52,6
325,462,358,532,70,53,6
330,477,368,537,67,53,6
337,474,360,481,67,53,6
333,473,348,363,66,52,6
344,484,368,385,65,52,6
357,505,383,389,65,50,6
380,542,406,393,66,54,6
406,579,437,325,70,55,6
468,657,523,336,73,58,6
589,812,657,326,78,61,6
717,1030,896,392,84,68,6
886,1291,1204,440,109,88,6
911,1360,1283,445,116,94,6
929,1392,1322,451,118,94,6
938,1409,1347,468,113,93,6
941,1416,1359,458,110,93,6
307,418,298,309,59,50,6
307,426,313,360,64,50,6
319,441,330,408,67,52,6
320,453,347,468,65,51,6
320,450,342,421,61,48,6
327,454,348,417,66,47,6
329,465,345,473,67,54,6
345,497,386,544,69,56,6
349,497,378,458,68,55,6
361,498,379,385,69,55,6
362,518,389,392,65,52,6
392,553,429,412,68,53,6
453,641,487,304,73,54,6
552,748,570,294,84,69,6
711,1021,860,365,106,82,6
842,1264,1149,434,117,90,6
899,1343,1262,454,118,98,6
939,1405,1350,483,119,105,6
960,1435,1383,484,127,101,6
960,1439,1388,484,123,102,6
955,1439,1378,474,130,101,6
314,439,323,382,64,50,6
311,425,306,348,63,50,6
312,438,324,418,66,50,6
318,445,331,407,66,52,6
327,446,325,366,65,51,6
327,452,329,345,66,52,6
338,467,349,383,70,52,6
351,491,373,414,67,53,6
362,518,399,474,69,53,6
371,531,405,428,70,55,6
380,545,416,345,66,56,6
400,559,428,364,67,55,6
497,676,537,384,85,68,6
601,886,726,345,107,89,6
684,991,857,369,108,90,6
829,1221,1103,440,118,96,6
947,1398,1328,465,133,104,6
945,1417,1334,449,131,107,6
938,1420,1334,443,125,108,6
938,1428,1348,448,132,105,6
944,1435,1360,455,134,107,6
951,1437,1366,459,133,109,6
322,451,340,422,67,51,6
330,450,335,359,66,52,6
331,463,347,364,67,52,6
344,481,364,378,69,53,6
365,509,379,380,65,53,6
388,545,411,408,64,51,6
427,601,461,391,79,60,6
497,696,547,343,95,73,6
624,876,718,350,106,86,6
746,1086,967,416,123,102,6
871,1239,1137,442,140,111,6
880,1279,1188,466,137,110,6
931,1369,1294,462,135,110,6
942,1423,1331,440,136,113,6
931,1417,1320,432,135,112,6
929,1414,1318,420,133,111,6
934,1413,1314,415,132,107,6
932,1418,1316,417,131,107,6
375,535,406,444,64,54,6
410,581,440,401,65,55,6
529,748,591,325,93,77,6
698,1017,859,352,122,97,6
865,1247,1120,413,130,102,6
898,1337,1235,447,135,111,6
931,1381,1294,447,138,113,6
945,1409,1319,448,141,116,6
933,1415,1327,437,138,115,6
932,1406,1307,434,138,116,6
929,1402,1308,430,141,113,6
920,1409,1304,422,134,111,6
919,1410,1306,416,134,110,6
931,1418,1308,412,127,108,6
919,1377,1279,426,133,109,6
932,1400,1303,428,134,113,6
927,1407,1308,424,136,111,6
917,1400,1300,420,133,113,6
924,1400,1295,422,142,112,6
919,1405,1303,422,142,116,6
918,1404,1302,421,136,114,6
915,1404,1303,418,134,111,6
921,1416,1306,412,129,109,6
926,1408,1304,414,134,111,6
924,1410,1301,412,130,112,6
1300,2017,2536,2798,3809,3707,7
1250,1922,2407,2659,3581,3490,7
1222,1870,2342,2588,3479,3385,7
1188,1817,2275,2498,3359,3266,7
1234,1868,2347,2583,3484,3397,7
1265,1945,2433,2687,3664,3575,7
1195,1840,2316,2559,3419,3324,7
1198,1839,2309,2557,3426,3334,7
1223,1866,2324,2548,3447,3350,7
1259,1955,2460,2718,3706,3618,7
1225,1841,2328,2581,3402,3329,7
1187,1828,2304,2544,3448,3352,7
1249,1903,2381,2619,3540,3440,7
1268,1925,2424,2669,3600,3511,7
1180,1798,2241,2473,3326,3242,7
1204,1831,2276,2510,3396,3308,7
1200,1844,2301,2537,3447,3347,7
1188,1804,2260,2499,3326,3235,7
1195,1822,2290,2526,3406,3309,7
1188,1804,2274,2510,3402,3311,7
1208,1853,2317,2550,3482,3393,7
1215,1872,2326,2556,3489,3396,7
1193,1824,2288,2525,3395,3314,7
1205,1824,2287,2518,3409,3318,7
1180,1801,2266,2501,3350,3260,7
1177,1811,2288,2523,3385,3287,7
1171,1800,2257,2486,3342,3246,7
1225,1863,2336,2585,3470,3374,7
1223,1840,2312,2551,3445,3352,7
1185,1811,2269,2502,3415,3331,7
1256,1932,2423,2670,3620,3548,7
1171,1770,2209,2436,3255,3174,7
1156,1749,2175,2387,3202,3099,7
1156,1786,2233,2461,3295,3200,7
1185,1823,2271,2499,3336,3235,7
1234,1893,2361,2601,3489,3389,7
1285,1975,2498,2772,3749,3652,7
1221,1876,2355,2603,3482,3397,7
1193,1799,2248,2468,3326,3236,7
1309,1996,2533,2810,3789,3691,7
1286,1945,2450,2713,3635,3543,7
1281,1938,2441,2701,3638,3545,7
1106,1662,2059,2260,3045,2964,7
1114,1696,2133,2353,3170,3077,7
1193,1830,2284,2512,3381,3275,7
1300,2005,2551,2813,3799,3694,7
1263,1959,2497,2766,3736,3632,7
1244,1902,2389,2641,3538,3440,7
1228,1855,2315,2551,3443,3343,7
1305,1995,2512,2777,3749,3646,7
1275,1932,2430,2681,3599,3515,7
1234,1883,2385,2645,3563,3464,7
1275,1947,2448,2701,3628,3523,7
1267,1934,2410,2652,3600,3512,7
1307,1987,2492,2751,3730,3635,7
1273,1979,2493,2753,3739,3637,7
1246,1879,2358,2597,3530,3430,7
1284,1955,2462,2721,3685,3590,7
1310,2010,2536,2815,3842,3734,7
1247,1923,2401,2653,3623,3516,7
1260,1935,2429,2674,3670,3568,7
1333,2055,2600,2870,3763,3618,7
1265,1928,2439,2684,3613,3508,7
1199,1820,2267,2493,3391,3291,7
1279,1932,2447,2686,3665,3546,7
1257,1936,2452,2707,3604,3488,7
1339,2050,2595,2873,3817,3655,7
1249,1886,2383,2628,3524,3445,7
1268,1926,2414,2657,3650,3526,7
1324,1975,2490,2739,3672,3538,7
1284,1925,2404,2654,3534,3392,7
1246,1891,2376,2616,3536,3426,7
1195,1797,2238,2457,3376,3275,7
1226,1882,2363,2595,3569,3455,7
1211,1848,2323,2555,3473,3375,7
1301,1980,2497,2763,3736,3634,7
1266,1914,2411,2660,3603,3495,7
1264,1919,2412,2659,3623,3517,7
1265,1922,2422,2677,3609,3502,7
1202,1843,2313,2545,3411,3318,7
1218,1845,2310,2538,3454,3361,7
1249,1896,2386,2625,3568,3459,7
1214,1838,2302,2532,3441,3339,7
1222,1845,2318,2552,3467,3371,7
1235,1900,2387,2626,3592,3491,7
1228,1857,2324,2561,3483,3387,7
1312,1994,2514,2788,3731,3590,7
1257,1905,2386,2639,3597,3483,7
1247,1902,2391,2641,3584,3479,7
1253,1911,2424,2672,3590,3486,7
1212,1846,2323,2550,3464,3371,7
1199,1809,2265,2488,3375,3286,7
1257,1916,2415,2671,3624,3523,7
1251,1896,2399,2645,3533,3418,7
1219,1852,2320,2548,3460,3351,7
1257,1926,2425,2676,3649,3547,7
1237,1886,2377,2630,3545,3439,7
1189,1812,2260,2484,3366,3266,7
1231,1872,2354,2591,3527,3444,7
1284,1943,2439,2685,3659,3544,7
1377,2095,2659,2942,3757,3575,7
1316,1967,2490,2747,3545,3396,7
1257,1899,2380,2622,3568,3451,7
1236,1869,2357,2594,3512,3419,7
1244,1896,2393,2628,3587,3482,7
1184,1798,2256,2472,3372,3291,7
1227,1873,2358,2586,3523,3432,7
1279,1952,2469,2732,3701,3601,7
1225,1871,2351,2596,3484,3377,7
1216,1853,2325,2556,3464,3375,7
1267,1922,2422,2681,3648,3541,7
1208,1841,2307,2545,3433,3336,7
1198,1813,2270,2498,3368,3265,7
1270,1954,2466,2718,3704,3603,7
1234,1882,2362,2603,3534,3439,7
1286,1976,2495,2771,3711,3602,7
1241,1882,2356,2600,3487,3394,7
1231,1823,2277,2491,3398,3306,7
1191,1802,2240,2465,3352,3246,7
1268,1929,2438,2680,3676,3556,7
1210,1848,2319,2548,3468,3381,7
1210,1847,2319,2539,3461,3353,7
1225,1875,2357,2600,3555,3465,7
1264,1922,2411,2654,3621,3510,7
1264,1940,2459,2728,3647,3551,7
1208,1827,2290,2524,3397,3304,7
1214,1827,2284,2505,3453,3357,7
1281,1978,2499,2750,3765,3663,7
1218,1853,2330,2568,3468,3367,7
1221,1856,2329,2563,3498,3392,7
1299,1977,2494,2768,3761,3639,7
1247,1889,2377,2615,3599,3493,7
1298,1967,2480,2745,3735,3619,7
1209,1821,2287,2515,3379,3281,7
1194,1789,2220,2429,3329,3235,7
1269,1908,2411,2648,3612,3505,7
1235,1873,2342,2583,3525,3439,7
1231,1877,2357,2601,3515,3420,7
1196,1826,2281,2511,3413,3319,7
1234,1894,2377,2616,3588,3496,7
1271,1932,2439,2682,3677,3574,7
1231,1885,2363,2605,3533,3435,7
1239,1901,2382,2632,3615,3516,7
1285,1964,2477,2738,3729,3612,7
1258,1908,2402,2646,3611,3505,7
1246,1901,2402,2659,3593,3501,7
1229,1869,2351,2588,3504,3399,7
1263,1933,2441,2706,3675,3567,7
1274,1943,2456,2713,3672,3566,7
1239,1882,2366,2607,3547,3453,7
1243,1899,2392,2634,3589,3481,7
1217,1849,2331,2557,3349,3212,7
1253,1901,2393,2624,3430,3336,7
1283,1945,2470,2710,3608,3469,7
1245,1887,2398,2629,3465,3325,7
1203,1834,2323,2548,3334,3200,7
1193,1816,2298,2514,3298,3162,7
1203,1821,2300,2512,3298,3173,7
1237,1884,2346,2557,3399,3290,7
1250,1878,2353,2557,3431,3325,7
1204,1844,2320,2534,3378,3257,7
1163,1779,2242,2440,3223,3099,7
1161,1772,2229,2427,3197,3076,7
1183,1778,2227,2416,3190,3072,7
1218,1809,2277,2489,3290,3168,7
1321,1985,2537,2792,3637,3501,7
1245,1930,2461,2715,3589,3494,7
1207,1848,2332,2559,3389,3282,7
1227,1840,2327,2550,3333,3231,7
1207,1809,2260,2468,3263,3159,7
1231,1827,2286,2498,3315,3213,7
1336,1943,2466,2710,3528,3405,7
1291,1927,2446,2692,3509,3368,7
1263,1924,2426,2657,3525,3428,7
1218,1858,2351,2582,3370,3260,7
1216,1870,2353,2566,3394,3284,7
1216,1860,2332,2534,3367,3267,7
1218,1834,2294,2494,3330,3239,7
1235,1851,2312,2522,3351,3251,7
1206,1798,2247,2448,3230,3135,7
1165,1770,2216,2411,3180,3085,7
1243,1895,2383,2606,3470,3362,7
908,1325,1596,1768,2327,2245,8
931,1336,1628,1819,2342,2271,8
947,1405,1716,1929,2456,2355,8
945,1402,1713,1929,2443,2357,8
954,1385,1693,1888,2396,2308,8
896,1293,1569,1737,2258,2210,8
965,1440,1760,1982,2527,2407,8
992,1456,1765,1947,2516,2387,8
972,1445,1764,1948,2474,2373,8
954,1395,1690,1882,2415,2317,8
951,1381,1685,1860,2409,2317,8
968,1398,1694,1875,2418,2325,8
930,1364,1655,1823,2367,2273,8
882,1276,1543,1710,2249,2200,8
868,1238,1516,1684,2226,2191,8
1003,1461,1799,2029,2587,2470,8
987,1433,1748,1949,2510,2394,8
973,1419,1731,1918,2453,2352,8
962,1400,1702,1893,2416,2322,8
944,1356,1648,1829,2362,2279,8
918,1317,1601,1766,2300,2244,8
910,1313,1600,1776,2312,2246,8
903,1308,1590,1769,2307,2242,8
896,1285,1565,1734,2257,2204,8
866,1256,1521,1695,2212,2172,8
860,1234,1513,1675,2225,2197,8
964,1405,1717,1927,2476,2372,8
988,1457,1792,2027,2595,2478,8
982,1441,1759,1964,2536,2429,8
961,1401,1709,1889,2450,2352,8
956,1390,1698,1881,2419,2322,8
947,1389,1685,1861,2402,2306,8
927,1354,1651,1819,2351,2265,8
895,1288,1560,1729,2275,2212,8
876,1258,1522,1686,2232,2185,8
873,1252,1512,1681,2216,2172,8
881,1268,1544,1716,2227,2186,8
869,1256,1519,1690,2229,2172,8
877,1247,1520,1710,2227,2193,8
977,1446,1763,1985,2562,2436,8
963,1399,1710,1908,2453,2363,8
953,1388,1692,1882,2421,2325,8
944,1387,1688,1876,2404,2312,8
938,1366,1666,1847,2373,2286,8
931,1350,1642,1832,2356,2271,8
913,1322,1606,1794,2332,2253,8
884,1278,1553,1721,2259,2209,8
863,1245,1501,1664,2196,2157,8
880,1282,1550,1721,2255,2196,8
900,1312,1591,1772,2302,2222,8
894,1295,1570,1749,2294,2231,8
939,1354,1654,1852,2388,2321,8
938,1353,1643,1821,2351,2282,8
942,1381,1683,1874,2396,2310,8
943,1379,1680,1867,2388,2293,8
952,1377,1677,1856,2393,2303,8
940,1399,1701,1900,2441,2336,8
932,1372,1667,1847,2378,2290,8
894,1310,1591,1767,2293,2231,8
894,1295,1574,1749,2270,2223,8
894,1289,1566,1729,2265,2210,8
924,1340,1647,1843,2359,2279,8
910,1336,1626,1808,2371,2293,8
948,1385,1705,1908,2440,2371,8
917,1325,1613,1794,2314,2245,8
920,1332,1617,1782,2340,2254,8
918,1360,1672,1868,2405,2308,8
926,1373,1680,1871,2376,2280,8
910,1296,1587,1765,2277,2215,8
890,1293,1569,1747,2262,2220,8
923,1340,1634,1830,2351,2275,8
923,1348,1648,1830,2354,2284,8
910,1335,1627,1806,2371,2287,8
944,1397,1702,1900,2469,2368,8
914,1356,1652,1845,2387,2289,8
934,1364,1659,1833,2377,2272,8
924,1349,1635,1802,2339,2240,8
889,1299,1578,1743,2264,2187,8
870,1266,1536,1692,2227,2175,8
1103,1600,1928,2098,2685,2567,8
1103,1587,1918,2094,2673,2557,8
1101,1580,1907,2082,2662,2551,8
1119,1620,1949,2128,2713,2596,8
1106,1602,1924,2103,2685,2568,8
1096,1582,1903,2069,2650,2541,8
1136,1632,1966,2144,2745,2611,8
1110,1600,1931,2106,2696,2582,8
1112,1615,1940,2118,2700,2574,8
1123,1618,1948,2128,2724,2604,8
1098,1588,1918,2093,2653,2541,8
1100,1589,1919,2089,2664,2553,8
1116,1611,1943,2114,2705,2593,8
1110,1603,1940,2106,2698,2590,8
1123,1632,1970,2145,2731,2603,8
1113,1599,1929,2103,2671,2558,8
1108,1594,1928,2103,2667,2556,8
1110,1599,1930,2109,2680,2568,8
1125,1620,1954,2129,2721,2596,8
1128,1631,1968,2139,2744,2619,8
1116,1610,1940,2111,2689,2569,8
1135,1639,1977,2148,2755,2616,8
1128,1629,1967,2151,2736,2598,8
1128,1628,1964,2154,2729,2602,8
1123,1613,1944,2123,2700,2573,8
1129,1632,1960,2137,2731,2601,8
1133,1645,1973,2154,2750,2617,8
1116,1617,1950,2117,2715,2587,8
1117,1619,1953,2124,2718,2588,8
1145,1656,1995,2183,2793,2648,8
1138,1654,1982,2159,2754,2610,8
1137,1646,1984,2160,2749,2623,8
1136,1642,1984,2155,2754,2614,8
1124,1625,1961,2143,2714,2590,8
1119,1621,1951,2129,2721,2598,8
1116,1620,1951,2132,2729,2594,8
1109,1604,1938,2116,2700,2574,8
1130,1642,1984,2159,2752,2609,8
1158,1672,2011,2203,2837,2691,8
1162,1671,2007,2202,2817,2673,8
1150,1672,2005,2182,2793,2644,8
1153,1669,2017,2187,2798,2660,8
1154,1662,2012,2198,2793,2647,8
1146,1648,1994,2178,2768,2636,8
1123,1623,1951,2128,2718,2597,8
1107,1601,1930,2107,2686,2567,8
1100,1590,1917,2092,2666,2547,8
1126,1636,1975,2144,2730,2602,8
1143,1652,1999,2179,2793,2652,8
1151,1661,2001,2187,2805,2664,8
1141,1646,1982,2173,2770,2636,8
1140,1648,1995,2173,2754,2618,8
1154,1671,2017,2200,2781,2633,8
1161,1682,2037,2220,2820,2662,8
1148,1661,2012,2194,2800,2658,8
1125,1631,1966,2146,2747,2616,8
1108,1595,1921,2098,2678,2565,8
1097,1585,1912,2087,2663,2538,8
1110,1617,1942,2122,2701,2570,8
1156,1664,2006,2187,2799,2656,8
1147,1659,1999,2184,2805,2665,8
1146,1654,1996,2180,2796,2654,8
1137,1639,1975,2156,2757,2618,8
1149,1660,2000,2177,2771,2625,8
1155,1672,2019,2196,2785,2633,8
1162,1680,2036,2216,2812,2652,8
1158,1676,2031,2212,2814,2666,8
1142,1651,1994,2179,2780,2633,8
1112,1603,1940,2118,2697,2579,8
1095,1584,1908,2081,2650,2541,8
1113,1623,1955,2130,2714,2580,8
1186,1701,2055,2245,2863,2699,8
1164,1661,2013,2200,2804,2659,8
1154,1660,2007,2204,2810,2670,8
1159,1673,2023,2212,2833,2683,8
1140,1650,1994,2181,2783,2644,8
1139,1649,1993,2190,2778,2643,8
1142,1656,2007,2190,2779,2633,8
1149,1671,2029,2218,2806,2657,8
1155,1670,2026,2202,2801,2658,8
1149,1671,2019,2203,2801,2652,8
1120,1628,1962,2139,2725,2590,8
1096,1586,1911,2081,2653,2530,8
1119,1619,1954,2128,2715,2578,8
1173,1688,2037,2225,2829,2668,8
1203,1744,2105,2293,2924,2753,8
1162,1678,2035,2218,2829,2685,8
1135,1645,1986,2176,2789,2651,8
1172,1684,2038,2231,2851,2699,8
1157,1688,2031,2211,2831,2671,8
1164,1689,2039,2223,2838,2682,8
1146,1657,1998,2198,2807,2658,8
1139,1651,2004,2190,2801,2661,8
1142,1655,2011,2199,2790,2644,8
1146,1662,1999,2181,2781,2630,8
1136,1647,1994,2171,2769,2619,8
1116,1619,1956,2130,2715,2572,8
1112,1624,1948,2130,2714,2575,8
2396,3248,4020,4517,4999,4503,8
2411,3268,4035,4552,4980,4483,8
2428,3304,4068,4557,5033,4529,8
2398,3244,4006,4524,4961,4456,8
2446,3290,4060,4584,5021,4502,8
2456,3302,4054,4570,4998,4472,8
2469,3304,4052,4545,4989,4477,8
2422,3293,4072,4553,4991,4507,8
2432,3258,3979,4474,4971,4451,8
2501,3355,4102,4571,4995,4508,8
2478,3324,4071,4537,4995,4495,8
2451,3273,4005,4461,4897,4411,8
2439,3297,4090,4615,5009,4500,8
2346,3171,3914,4406,4870,4378,8
2393,3215,3927,4426,4891,4405,8
2402,3219,3926,4384,4872,4367,8
2297,3093,3789,4323,4792,4317,8
2348,3184,3937,4443,4906,4404,8
2309,3134,3866,4374,4851,4349,8
2229,2983,3651,4066,4582,4125,8
2342,3128,3832,4270,4751,4300,8
2373,3161,3868,4319,4776,4310,8
2354,3126,3834,4283,4719,4268,8
2284,3025,3724,4170,4629,4182,8
2386,3173,3890,4342,4792,4319,8
2396,3188,3936,4390,4841,4368,8
2359,3151,3853,4298,4765,4305,8
2302,3078,3758,4174,4666,4208,8
2223,2989,3644,4027,4595,4138,8
2422,3216,3955,4429,4853,4391,8
2363,3159,3879,4315,4791,4319,8
2305,3089,3777,4191,4725,4246,8
2327,3093,3777,4216,4665,4212,8
2389,3153,3863,4366,4764,4291,8
2436,3261,3995,4461,4914,4439,8
2415,3232,3974,4423,4892,4422,8
2533,3382,4131,4608,5077,4592,8
2440,3256,3993,4457,4925,4452,8
2292,3069,3755,4214,4644,4214,8
2292,3047,3731,4201,4597,4182,8
2345,3133,3846,4277,4729,4267,8
2466,3294,4035,4498,5000,4501,8
2483,3319,4056,4535,5015,4528,8
2308,3093,3789,4240,4704,4256,8
2453,3256,3999,4424,4910,4434,8
2431,3260,3998,4444,4905,4417,8
2361,3149,3873,4316,4789,4329,8
2304,3079,3783,4204,4672,4218,8
2346,3141,3857,4284,4740,4283,8
2499,3340,4087,4564,5001,4529,8
2367,3165,3882,4315,4780,4321,8
2212,2957,3638,4047,4497,4065,8
2423,3240,3962,4406,4881,4415,8
2280,3055,3747,4178,4647,4199,8
2279,3080,3773,4206,4715,4228,8
2181,2917,3569,4027,4532,4066,8
2410,3229,3958,4406,4873,4403,8
2255,3022,3709,4158,4608,4168,8
2312,3089,3804,4262,4676,4217,8
2359,3307,4140,4662,5114,4639,8
2346,3284,4103,4629,5105,4650,8
2345,3294,4114,4599,5105,4656,8
2296,3158,3974,4489,4917,4504,8
2277,3185,4002,4509,4998,4560,8
2325,3246,4078,4593,5054,4618,8
2295,3227,4037,4546,5064,4636,8
2319,3275,4114,4648,5111,4675,8
2264,3118,3915,4410,4861,4445,8
2321,3225,4043,4543,5005,4575,8
2314,3265,4088,4603,5137,4706,8
2343,3240,4095,4620,5090,4650,8
2370,3321,4177,4712,5202,4769,8
2310,3236,4064,4578,5054,4618,8
2381,3339,4204,4721,5192,4751,8
2345,3294,4140,4674,5163,4724,8
